-26
68
-62
-96
-51
-81
-99
-43
-103
-105
-30
-68
-34
-23
-91
-14
-31
-29
-18
-18
-83
-110
-82
-92
-100
-47
-43
-45
-97
-81
-50
-66
-53
-98
-40
-92
-97
-47
-54
-126
-79
-59
-47
-24
-99
24
-87
-120
-77
-72
-45
-93
-107
-92
-89
-47
-99
-107
-80
-29
-41
-75
9
-12
127
2
-75
-54
10
-98
-49
-39
-38
-36
-83
-61
-30
-86
-90
-50
-57
-39
-62
-66
-27
-88
-36
-33
-61
-30
-89
-89
-106
-35
-86
-110
-47
-39
-36
-39
-64
-107
-55
-82
-64
-67
-96
-50
-42
-98
-63
-39
-99
-127
-55
-105
-74
-53
-88
-88
-79
-65
-101
-99
-75
-54
-84
-17
54
-52
-88
-65
-57
-50
-80
-83
-35
-19
-43
-25
-27
-77
-23
-102
-66
-91
-90
42
-78
-40
-75
-91
-65
-89
-21
-43
-75
-55
-93
-42
-46
-104
-74
-25
-56
-45
-63
-48
-73
-43
-81
-29
-114
-80
-93
-74
-54
-119
-71
-41
-80
-37
-34
-28
-120
-103
-115
-43
-96
26
-63
-67
-33
-88
-93
-88
-68
-60
-65
-59
-48
-95
-126
-117
-72
-85
-67
-52
-101
-75
-69
-118
-53
-124
-112
-56
-63
-112
-93
-59
-94
-85
-49
-75
-75
-123
-81
-125
-111
-52
-126
-55
-97
-60
-110
-127
-81
-73
-128
-90
-56
-109
-90
-125
-69
-123
-74
-101
-100
-47
-72
-59
-52
-106
-110
-98
38
-38
-62
-88
-31
-80
-76
-105
-76
-69
-97
-87
-37
-43
-82
-41
-44
-67
-79
-36
4
-7
0
-62
-76
-50
-77
-79
-86
-50
-24
-68
-47
-90
-70
-48
-26
-24
-75
-51
-34
-62
-107
-127
-92
-86
-93
-50
-41
-3
-37
-63
-83
-88
-94
-104
-78
-93
-88
-95
-63
-15
-10
-25
-26
81
-47
-82
-106
-108
-58
-84
-106
-96
-75
-54
-93
-83
-100
-50
-117
-77
-72
-106
-111
-59
-100
-108
-97
-52
-75
-104
-61
-94
0
-60
-52
-60
-66
-79
-53
-34
-116
-71
-71
-59
-116
-42
-95
-80
-81
-112
-113
-57
-75
-118
-77
-106
-102
-93
-72
-69
-44
-79
-97
-70
-17
-8
-14
-35
-23
