73 58 37 -68 29 -38 4 -51
-23 61 -1 -39 -17 -15 -18 29
62 2 -9 21 -20 45 34 62
52 54 31 46 4 13 -3 29
-37 -16 4 61 20 -4 12 -26
-45 43 -22 -14 -34 84 -35 -14
-28 -14 11 24 -8 46 -20 -21
-40 1 4 28 3 64 -34 51
53 33 80 27 19 1 -27 44
-2 18 10 26 19 -17 -67 -17
4 0 -38 -14 29 28 44 6
30 -8 -29 27 -53 -22 51 19
-83 23 33 7 28 26 43 -10
-4 28 17 12 12 47 3 -7
-46 5 -10 21 33 11 -8 18
0 9 16 27 42 16 27 20
68 46 -38 -32 5 68 22 20
46 10 -54 38 -7 44 -18 25
-23 43 62 53 22 6 -14 3
18 40 -11 62 -82 -9 -37 34
-60 13 6 -6 16 -19 11 -33
-46 52 54 4 -46 32 29 71
6 12 -18 1 -27 -48 -34 -13
-15 -44 -58 9 39 -15 27 26
61 -22 44 -8 -30 19 22 48
23 78 -12 -26 11 40 50 21
-25 -25 -5 -13 14 24 1 -74
-6 46 -51 54 21 -8 39 59
4 65 15 -29 -11 12 19 69
3 -26 -67 -32 6 8 12 20
-22 20 -9 16 -19 11 -9 53
44 -13 40 22 27 23 23 5
-19 25 -46 -50 -45 20 1 31
-49 5 28 9 54 16 -59 3
-40 31 -80 4 7 -15 64 1
42 70 29 42 22 44 19 1
39 -27 -13 -9 -6 1 -18 3
70 14 45 25 11 9 47 25
16 -13 35 -24 23 53 -71 -38
11 -68 1 -30 -22 4 48 -30
20 -16 44 -42 27 20 7 6
16 32 -52 -19 22 15 -12 7
33 15 30 9 22 -16 -6 2
21 55 3 42 36 -17 -10 -6
-22 21 12 -33 -2 -20 -12 70
71 65 8 2 -48 -16 -6 64
-2 14 82 62 18 31 1 26
1 -35 -38 21 -15 36 -12 -7
29 3 -2 11 57 -27 -16 2
-28 -78 -3 34 39 -4 -22 30
3 -25 -12 -3 36 6 8 2
33 -44 40 45 1 -1 -7 26
27 -36 -9 28 -8 -11 2 -51
-15 -13 23 12 41 -10 -8 24
-11 42 -7 51 35 4 27 40
29 -40 8 -35 3 46 33 -20
-39 20 -24 7 -6 -25 -13 30
57 4 -5 11 11 -22 -34 37
37 -11 16 11 18 48 -34 -43
-32 13 24 -20 102 70 74 -33
59 38 -4 -13 -9 -13 -48 -30
-10 3 -5 -31 -4 8 17 0
47 -7 29 9 -21 -18 -40 75
-28 -85 31 34 28 20 -7 23
-39 12 -11 15 55 13 -16 -25
21 -9 14 -6 -55 12 -61 -17
52 -40 32 29 18 -87 -45 -29
14 2 47 -8 41 32 48 -17
-54 0 -41 44 -15 -20 0 61
74 -36 45 67 -64 -6 -25 -2
67 97 19 21 15 0 14 -13
23 32 47 6 26 -14 0 25
-20 -31 14 -19 -54 0 -10 81
-10 -37 35 12 -5 -3 -32 -30
8 9 32 0 -26 17 34 -34
22 -36 10 20 29 11 66 25
-60 87 -27 29 -10 -76 51 13
-21 61 60 7 22 19 26 43
-6 20 -14 -6 12 7 30 -12
-33 -8 32 55 7 54 11 22
-34 9 70 21 7 -16 -32 26
17 17 -38 68 6 3 -20 -21
-12 -16 1 -68 11 44 5 -7
-30 2 -25 6 -9 36 2 -50
84 -52 13 -40 -17 39 19 -14
-92 -17 26 -51 34 -1 11 32
9 29 18 97 25 -3 2 56
2 -9 56 -19 -38 112 53 36
18 22 58 51 3 54 -6 -30
-34 12 -13 -19 1 26 34 43
38 14 38 78 38 21 13 13
8 65 -37 19 17 -44 -45 -2
9 6 42 45 14 32 -19 -42
22 24 -42 74 68 -29 -38 -75
8 -21 -49 17 49 20 -7 102
32 34 69 28 13 -46 -12 22
17 -102 -45 -44 -15 -4 -20 -8
17 -16 -4 26 -1 29 -19 -27
6 9 34 51 14 -76 19 67
-23 10 -43 15 29 51 27 -4
34 22 7 -42 -14 1 14 -36
-6 54 21 -28 -16 -9 -38 39
-35 -60 21 25 11 -25 11 -24
54 -6 -27 73 -53 81 -18 10
-1 23 14 64 -6 -9 -32 -13
-4 9 23 22 23 38 -19 16
38 -19 59 30 5 44 31 -3
-43 -77 -4 1 1 45 -4 63
-14 -68 -51 -18 21 -6 23 -77
-14 -13 50 50 -36 5 -28 56
54 -38 -39 -37 -50 -83 53 -14
29 -21 8 57 42 -5 -49 -25
-22 -12 38 -24 -81 13 73 48
-14 -17 17 1 26 60 58 -12
71 -32 37 -24 42 -25 -15 17
46 -41 98 0 0 49 34 -27
8 -10 -72 -9 18 -12 -7 -4
37 -33 -42 30 19 27 39 30
20 7 11 18 9 -22 27 -21
-2 -46 -15 7 13 57 -9 2
-13 -27 -5 -7 -22 -28 56 -22
-6 38 -7 -27 -14 82 -18 16
36 -55 47 -97 -9 -21 -52 -7
11 27 72 -66 -49 18 25 -74
4 2 12 -17 3 -2 -16 3
-31 23 79 -13 45 52 37 11
28 -17 14 6 23 -16 52 35
30 -25 -44 -10 9 45 27 63
-37 42 -48 29 3 9 -52 -23
47 27 7 -3 -35 36 3 8
-11 7 44 -31 19 7 48 -44
1 80 8 20 40 39 -3 -1
24 10 24 5 16 46 52 42
34 -21 37 -5 -7 -35 -55 -84
9 -22 19 59 -26 24 18 14
45 57 33 24 4 -27 3 -29
9 11 -1 29 18 24 47 46
30 8 -44 -46 21 -41 73 1
-5 55 -27 -22 -9 44 14 2
32 -29 40 -34 43 -30 -21 -3
1 5 46 25 -54 19 56 -34
-21 -7 11 3 46 8 4 127
-32 -10 5 24 10 -24 48 15
0 91 27 11 -35 -15 26 -4
-46 2 21 48 77 66 19 -75
-8 -35 -3 -10 65 -13 24 -18
9 -1 39 -29 -25 -25 106 51
-13 -20 -14 11 2 -14 44 33
41 31 35 36 17 -9 -19 -50
-17 28 32 19 55 71 15 53
25 20 36 76 20 24 4 41
-8 -18 4 78 -16 2 56 -9
-5 42 56 37 7 29 -3 -16
-63 20 -14 3 -1 48 -45 -9
9 -45 -53 -14 25 -40 49 -66
52 17 -28 21 -21 -4 15 26
-13 22 -17 4 -17 41 17 41
23 -33 -19 7 -18 -15 33 84
-57 -29 28 42 39 6 -32 -21
89 -59 19 -42 -7 6 -16 -38
0 2 41 10 32 -22 44 10
-10 -27 2 -19 1 61 -45 -1
6 10 30 39 -17 -35 -18 50
14 -10 -36 55 5 5 -29 -5
29 -26 -73 -21 32 47 3 42
43 -1 -14 -2 23 16 -12 -10
7 -44 24 -8 -61 9 -11 -37
-11 6 3 47 66 76 -4 -40
-14 -16 27 -41 9 26 -27 -10
-34 1 -17 20 17 -24 -12 29
22 47 -5 58 -27 15 -2 1
-1 -10 9 -4 50 9 -7 -17
108 -36 75 -36 -50 7 -27 -8
-29 12 31 -42 47 7 75 1
-40 39 4 -35 30 -1 -8 -10
61 18 65 5 45 54 16 9
16 -33 -29 -12 -22 23 -25 32
20 4 18 -36 -17 -9 4 27
-34 27 44 -21 27 23 69 -21
-34 -2 16 -6 -18 -18 54 -47
28 -8 -28 20 8 28 -42 42
15 42 4 12 -2 -1 -24 46
-10 11 62 -15 18 61 -36 -20
46 56 -32 19 0 -11 -11 -11
-26 17 15 24 -16 -10 -7 12
15 -56 17 58 33 54 -28 -17
35 -55 22 30 31 -11 -12 10
18 -59 -17 1 -3 11 -5 13
-2 10 -45 23 36 1 24 -61
-50 -1 -20 -39 -40 -49 -15 51
-50 -26 56 37 23 -23 -30 24
-27 41 -30 -90 48 15 17 50
-26 -19 6 -17 30 31 -28 -99
-29 -16 -20 -11 25 99 43 0
-24 13 69 -13 -19 2 -8 -7
-38 -47 -21 46 15 21 8 -15
-2 0 -36 -40 7 -11 47 -25
46 -36 4 29 38 15 28 -19
-20 40 -8 15 -17 7 16 49
-26 64 -35 46 47 79 28 -37
-4 22 -6 -9 18 46 35 40
1 -46 4 -28 47 63 0 39
36 -25 1 42 0 -4 25 17
-13 28 -100 12 -11 -28 -48 58
-26 -10 19 -7 6 11 61 39
-4 -33 20 -3 16 51 -18 34
20 15 11 -2 -47 -16 36 -2
-35 19 -28 30 10 23 -48 -14
9 2 8 31 -26 37 22 -24
16 -35 -14 -60 -28 19 -15 47
31 -9 48 -21 26 54 12 9
17 -28 61 71 -32 -2 14 46
3 -1 36 -25 -17 43 50 34
-39 -46 -13 19 3 -31 -90 3
-27 22 70 23 12 20 36 16
-1 -49 23 14 53 -29 -51 31
-29 -5 14 44 -46 0 -11 1
-26 29 33 -65 -17 -26 48 -42
-10 65 -17 -99 43 6 50 112
74 -14 -40 43 -11 53 -80 3
5 13 6 22 18 -22 54 -62
-16 -10 0 44 15 7 3 -5
-34 -10 1 9 75 29 -10 43
-8 18 -14 -5 26 33 11 14
13 66 15 -22 -30 -10 4 -24
12 64 -28 20 19 22 76 -18
-54 4 19 25 28 14 -21 -51
41 32 44 3 26 -73 -20 -72
-43 15 26 -9 -28 -50 42 9
46 40 -51 7 12 -40 -28 40
28 58 5 14 3 37 -31 51
-18 48 -51 29 8 -25 -41 -24
30 7 -5 -60 57 18 -12 79
8 -5 4 -14 -10 -1 -52 -49
33 22 14 6 7 -23 -33 -23
46 48 1 -39 -11 44 29 34
-13 -20 62 32 6 37 4 -21
-58 20 -18 66 0 27 37 2
45 64 20 -30 -15 -29 19 15
-58 23 1 -17 -4 24 -5 40
18 17 37 -17 57 -6 49 1
-8 -1 17 30 35 -32 24 34
-128 10 75 41 79 15 46 -39
-27 3 18 28 1 33 55 8
-25 -25 -8 -35 5 28 10 50
-4 -17 22 34 18 39 71 9
39 -44 -20 39 -10 -12 23 1
25 23 -62 -17 -19 -10 -23 -47
22 3 22 12 10 17 15 -41
-40 37 10 38 41 -38 41 22
-32 -7 -31 -15 10 18 -27 53
2 33 -41 27 44 17 27 15
-28 -20 30 -9 -27 -27 50 18
-65 6 22 47 -30 -16 -46 -15
-20 27 34 1 -9 -4 -37 68
-1 27 31 24 -20 4 -25 -7
-15 4 16 64 -48 -7 -10 -22
-47 -40 39 7 15 12 -13 36
77 41 -61 -13 1 -35 1 30
6 -14 -9 3 -44 -3 -18 -44
14 5 -8 -24 -21 57 8 -1
-10 71 -25 21 -30 -43 31 26
-41 6 -29 16 -72 -30 13 -25
35 -33 10 1 27 24 -27 4
-13 -41 71 53 -22 -56 52 43
-23 -11 -27 -6 -56 16 -10 38
16 66 -52 -12 23 39 16 19
-61 15 -3 38 -7 64 -19 -43
-41 2 51 15 53 31 20 -1
43 105 1 -1 -42 -28 44 10
21 19 -32 -23 79 15 6 -8
-13 -17 -49 44 22 42 -6 30
-44 -22 8 27 39 45 17 0
-22 -27 37 -52 19 13 33 7
20 13 56 0 11 -7 -39 97
-31 42 36 18 50 -23 5 -61
24 44 -25 9 31 -41 -6 -51
54 19 30 -42 -24 -48 11 16
-23 39 -16 53 67 21 25 22
18 31 -16 62 9 -2 36 4
-1 -23 61 13 4 17 -14 -2
-34 11 14 25 58 10 -2 -19
6 2 -15 23 30 51 -72 14
-28 30 35 12 -3 3 15 -24
58 9 58 4 2 16 25 -4
53 67 22 9 6 26 -37 13
10 -5 83 38 -1 -16 -2 50
-28 77 19 20 22 4 50 44
-33 4 -7 21 18 50 -45 38
-19 -10 10 13 35 72 6 11
22 4 -74 -46 68 -1 31 9
34 33 65 52 18 -32 -13 49
3 -15 -34 -33 -22 -14 8 -21
-45 -25 4 23 82 46 27 -10
-43 71 -26 -28 68 60 -29 51
-1 37 1 34 -15 -12 -20 -10
30 -62 -14 -22 7 -19 37 7
13 -40 84 35 22 25 13 47
15 65 91 15 52 11 1 25
42 33 31 24 -16 -11 16 32
16 -10 7 -29 46 5 40 1
12 -5 37 -38 -12 33 55 -14
15 78 -17 -45 -6 -8 -36 54
-1 -33 10 28 -1 20 0 12
-8 -52 -6 80 -14 19 -75 19
11 -24 -14 14 -31 53 -27 -18
32 33 19 62 52 -32 19 22
-16 -18 -26 49 -28 18 -12 -11
-5 3 62 32 46 9 -23 11
46 -20 76 20 -40 3 6 12
20 -23 -19 37 -21 -1 -7 -49
-22 -1 62 6 -10 25 26 24
57 32 66 -28 -67 -12 16 30
11 49 32 9 9 24 23 -8
24 49 38 26 -26 66 -89 -6
-18 42 65 -5 19 8 -14 38
-67 35 -13 14 44 17 28 32
-49 -64 -25 30 -11 -13 67 -27
49 -11 -4 23 5 -16 -10 -20
-1 40 3 32 13 -43 -55 0
-18 -61 -59 10 -22 49 8 69
-6 -11 -9 -41 7 -15 -36 67
-5 -1 -9 -35 48 -1 16 -15
41 11 9 20 -8 37 96 3
62 8 -24 37 -15 63 -51 -30
41 55 -46 -33 82 -24 -25 4
38 6 -68 47 -56 17 29 -36
-18 -23 -40 8 8 20 12 -13
4 86 2 -4 52 -11 -47 33
-19 -2 35 52 -26 6 19 -25
18 -20 10 -48 -11 24 16 30
-16 27 69 -10 -5 42 12 1
-40 28 48 30 -12 5 -9 21
10 16 23 -19 0 38 8 -14
15 20 -4 -22 1 20 38 -12
-2 23 20 -12 45 1 56 6
15 13 -1 81 52 -14 69 -40
-11 51 82 45 -1 -5 80 -6
-17 47 59 -5 36 27 -25 6
-12 3 -1 -15 -25 6 -28 1
-14 -47 -26 -10 6 9 -7 9
-34 71 -63 -15 49 -17 -42 4
-21 -18 67 31 -6 26 22 -14
-117 -65 19 -11 53 0 -13 -48
85 65 48 36 53 37 57 -19
-86 -12 47 -9 79 44 35 -23
7 -3 18 45 7 15 20 25
17 -15 34 21 12 25 -24 33
-11 59 1 -65 35 26 25 -16
38 25 -1 7 8 -16 -5 -22
57 -68 -68 21 36 4 8 -2
-16 -33 4 18 28 5 47 32
73 -20 -20 -70 57 16 10 14
29 -6 -11 16 1 27 -44 62
14 -52 28 -10 -26 17 16 -3
-3 27 -14 -30 -39 23 4 -43
-23 60 12 -41 -13 43 54 -45
-26 54 17 5 21 27 0 -18
15 4 -39 -17 -21 -11 -37 -81
-13 -44 39 -7 -43 -5 35 -35
10 -15 -2 -4 -4 -65 -40 -6
30 -7 16 21 30 69 -8 -1
-57 -27 76 1 15 45 -5 -20
26 56 38 -31 -21 -4 20 -37
28 0 0 8 -3 8 -41 19
-33 -14 -16 -51 31 74 33 -45
66 -49 -7 24 16 58 29 37
-32 -47 38 40 19 -35 14 -2
30 8 29 3 9 37 -69 -15
-66 -43 34 -71 61 96 4 19
33 -6 30 99 -26 6 44 -5
21 22 -54 95 18 23 19 19
27 1 -3 -11 -62 44 49 -57
41 -31 -64 58 12 43 23 4
38 28 -15 18 -15 -20 -1 35
-25 -15 -31 13 2 60 11 -25
-17 19 20 -31 36 34 24 10
-12 -2 -15 -47 35 116 -35 18
9 11 43 -26 -3 -13 -25 -10
-46 40 -33 36 17 -17 81 53
-21 43 6 50 14 -55 -39 49
34 15 -22 -26 -2 -12 -75 0
-17 -16 8 62 41 -6 14 8
46 21 -6 20 -37 -81 34 -48
-28 -32 -16 9 10 -45 -11 31
0 -16 31 12 42 34 -26 -5
37 17 58 6 -24 -30 75 -16
27 -39 38 -18 0 -43 11 43
-41 2 12 -46 42 26 -17 37
35 -67 39 72 7 -6 22 32
-23 40 -37 29 60 14 -23 -4
-14 -11 19 -15 -27 39 13 33
-30 -24 42 45 -15 25 -1 -6
-30 6 -23 20 13 18 11 -23
-4 11 33 27 24 62 43 -4
10 -73 21 -72 40 -6 80 34
-46 31 -11 -57 4 19 7 -12
-40 27 -69 16 92 11 -33 30
28 21 -12 23 43 22 16 -57
67 -34 51 -26 -6 33 -1 1
8 3 50 85 3 -70 61 94
-12 60 -37 -17 13 48 -40 -57
-49 59 38 35 10 -2 -27 -10
28 48 12 -3 36 -48 35 14
37 -48 -20 -53 60 -2 11 12
27 50 29 -39 -12 -59 13 27
6 21 -3 -11 -21 -7 26 64
-64 48 53 21 -9 53 1 10
7 -14 52 36 30 -8 -4 10
27 24 13 40 23 -70 18 -43
11 -2 -15 -40 -2 13 -38 3
-17 -29 43 65 -24 -53 7 -52
-16 -46 20 -11 -15 0 35 6
24 18 41 4 16 -9 -31 28
6 -27 35 -19 -21 -4 7 22
-54 -10 10 19 44 53 44 18
30 13 -3 9 -25 -14 7 -15
-95 16 97 -16 24 -8 -17 46
0 -42 22 19 -15 -11 106 4
-13 -10 34 -6 21 23 -55 45
46 4 -20 -12 9 15 -16 -14
-17 -8 -47 57 21 66 -36 -14
24 5 -50 -19 52 21 -41 -62
10 90 17 -6 37 27 18 35
3 8 0 33 26 0 -40 -9
54 53 -40 39 -32 -30 -15 69
-33 9 1 -59 19 23 2 -37
-20 21 12 63 3 3 -23 4
19 -14 52 22 32 4 8 3
-60 2 -14 21 -55 20 57 -13
15 22 19 18 -32 69 41 -28
35 15 -2 42 34 55 62 -21
31 46 37 -29 -23 18 56 -43
-11 31 25 24 16 -31 -4 -48
12 1 33 44 20 7 13 -14
-11 36 -49 29 3 -31 1 -21
-27 -3 26 -9 77 -19 42 6
-25 28 25 -2 30 17 25 -9
-5 40 52 18 55 71 5 -30
-7 -21 -33 11 42 32 28 32
-22 -32 22 0 9 21 72 -36
19 60 22 20 -4 -8 -71 -8
-14 29 -88 14 -39 -17 1 -35
24 18 -36 15 21 -22 -85 52
16 8 10 50 21 10 25 16
-13 -3 5 2 26 45 26 -16
62 -39 4 28 -90 22 11 56
28 64 -12 -5 43 16 -16 2
-8 -4 -13 -9 8 62 50 12
15 -27 15 29 57 2 33 6
-63 -17 -17 9 -8 -7 -59 42
-4 1 66 29 39 -22 49 -52
33 -25 -10 34 14 8 13 39
-32 -21 22 51 8 -42 -47 35
-20 -4 74 -12 -61 8 -13 -5
-33 -17 48 27 33 -61 59 -57
-59 56 60 -26 48 22 74 -29
18 25 -10 23 -37 32 47 27
8 26 -26 -13 -47 19 -7 -3
-10 51 -19 30 -24 67 6 15
-19 28 -31 -33 36 44 -69 82
13 19 -28 -40 35 14 -12 1
-7 25 0 10 7 0 -60 15
5 20 -25 16 28 79 -27 -11
9 10 84 10 -37 44 -39 31
-26 50 -7 -35 22 -16 1 -51
2 -74 62 -13 -3 33 -6 56
-9 35 -64 -1 19 17 -10 9
34 -13 21 -23 28 55 -34 11
35 48 24 -36 47 52 -45 -9
38 6 30 43 -51 21 46 14
-4 11 44 -38 55 -32 61 -3
41 -17 17 -7 36 56 -22 -6
-74 51 76 -5 33 27 -43 -21
44 24 -2 18 46 21 54 41
-30 40 21 15 -84 9 18 71
-25 -40 54 -59 17 -10 -9 -41
-66 -31 49 -13 35 25 15 -5
15 -60 18 -6 13 2 -42 -56
-5 -41 -18 55 72 -47 -43 11
0 11 26 46 -38 27 12 -27
21 57 -50 2 -14 -43 6 -15
-30 -12 -39 -38 27 -41 54 53
-3 9 15 -16 44 23 27 70
19 74 -20 41 45 -61 34 3
3 19 1 -4 -9 59 50 -14
80 -4 33 -14 -20 46 -55 38
13 30 28 21 -44 29 15 8
-20 -8 14 20 38 63 53 -31
7 22 -22 33 -27 16 55 -35
-15 4 -71 55 26 12 3 9
16 56 21 -6 109 -17 -21 -29
47 -15 -31 33 -16 -41 34 -8
-19 -20 -39 1 4 81 -71 25
-17 26 -103 -42 -5 44 -23 4
-20 25 22 38 42 -8 -29 -19
14 5 6 25 38 -11 0 -30
-13 -38 -44 -50 0 -24 -9 -47
26 -41 -25 -7 -22 -17 8 -12
-17 37 -30 25 -10 19 21 61
-82 50 -14 19 5 -2 45 -21
-73 16 21 -38 11 49 -53 -32
58 15 -30 -25 -6 -19 6 -36
26 -8 -52 -9 52 -70 18 -24
-48 7 -21 29 27 -2 -52 36
-52 -13 22 -38 -37 -37 65 -5
-4 44 -41 -42 -1 50 -1 -46
-19 39 15 -47 -8 -11 -18 -27
16 7 -6 -6 -22 59 5 1
63 -1 -60 40 -50 7 45 -63
25 -3 56 40 -41 3 15 -19
67 4 24 -29 101 -7 45 6
-13 71 67 78 -19 -22 4 59
11 42 51 23 -10 61 17 -2
36 -46 16 -30 -41 50 -39 -20
-7 15 40 -43 21 47 -12 25
21 -19 -22 21 1 101 28 -18
26 6 7 27 -30 35 -6 -12
28 -10 -46 -49 20 18 -35 20
34 33 1 43 25 37 -45 -26
76 43 -43 -7 67 28 42 -17
-42 12 25 17 6 100 50 -17
25 23 40 75 -39 -21 80 18
39 -48 0 40 3 78 -8 -2
-1 -35 -29 47 -19 -30 25 8
68 -31 23 78 20 -14 27 -7
10 14 11 14 37 64 -12 -40
-5 45 -9 -3 10 59 -85 -8
0 -8 -63 6 -21 4 69 20
-15 12 -2 -39 36 10 -44 20
55 -8 38 -33 -40 4 -77 4
-16 35 7 -46 17 2 15 28
-15 33 43 -85 30 -5 27 -16
63 -55 9 -5 41 -18 -9 -58
-8 14 -20 -9 48 -19 -48 77
-22 12 19 25 -78 16 11 -22
-41 4 36 14 26 -24 -37 -12
0 -51 12 70 -37 3 11 0
-5 10 43 -10 -7 12 -6 35
27 -69 24 29 62 1 -27 36
-27 41 -42 62 -4 82 -9 -1
-33 9 -62 8 30 -9 36 35
3 12 27 10 31 73 -8 -24
-13 -15 20 -37 49 -54 64 -20
26 4 -34 -13 -47 -34 13 -16
36 57 19 6 5 47 -18 3
18 27 11 30 3 -31 2 20
-18 27 28 27 8 -13 21 -43
35 16 -9 -2 39 64 -24 -5
-38 16 42 -22 -2 7 37 -20
-8 42 43 -22 3 -22 4 35
13 -2 15 43 -13 -27 -51 67
-41 2 -12 39 14 10 16 37
-31 13 13 16 7 5 7 -56
24 18 -1 -39 4 -6 60 27
28 -23 13 9 -27 20 -21 -66
24 28 6 54 5 3 -5 0
17 -1 6 -12 25 21 23 3
-12 19 -12 -5 21 47 -20 -13
13 50 16 44 92 17 64 -5
38 9 -65 -32 1 -30 38 1
14 2 12 -50 31 -12 -48 9
-9 5 -1 -49 18 -5 -38 -25
36 13 41 -20 7 -31 57 19
35 23 25 5 -14 12 -21 -31
26 59 20 20 9 27 3 -55
13 33 31 -17 -11 83 -60 -42
-27 51 52 -90 -28 -17 33 36
-38 33 -68 21 -10 23 38 8
54 -19 -46 -12 34 48 55 13
9 40 35 12 -9 -11 27 26
-8 52 -29 24 -77 51 -38 15
41 3 7 -21 -22 -18 72 -12
3 39 29 10 23 -32 -11 -27
-7 2 -25 16 10 -64 44 -22
4 33 23 0 52 -31 40 30
32 21 -30 6 29 48 33 -28
33 12 44 25 -9 52 -78 -13
-15 -20 66 19 22 20 14 61
31 74 12 -28 6 -18 52 -54
30 57 -56 8 13 -18 -13 77
-16 -20 7 22 54 -40 18 -48
-61 36 13 -3 -21 0 1 27
-31 39 -9 -44 85 39 30 -18
-14 -44 24 -44 -93 22 17 58
57 15 41 16 -6 53 -14 -11
19 4 -7 -27 36 -31 21 -17
3 58 3 -5 -34 -3 -35 -21
64 -8 63 21 -2 6 -42 47
18 -26 14 108 -19 -19 48 -22
16 14 8 37 -33 53 42 -15
-109 78 18 6 13 -51 9 45
-3 32 52 -4 -8 21 -27 18
69 23 29 16 103 -11 0 -8
-28 14 -88 3 -8 -53 -10 -9
-4 49 -16 20 -18 53 34 34
-29 -35 11 -4 19 65 -3 -4
-27 -28 18 -9 2 4 -60 5
-21 37 -34 -27 -27 20 47 0
0 -5 0 25 68 1 21 -24
-5 49 36 55 -26 -34 17 -71
20 -37 25 -3 62 11 -40 -8
-28 -31 26 17 -19 36 33 17
80 5 18 87 23 64 -91 -60
39 5 105 27 -65 -51 -14 13
4 41 -9 41 -40 -68 27 0
-2 -11 -28 -18 -29 -21 -31 -58
14 27 20 -65 48 -57 -39 -51
-21 -34 51 35 1 58 -46 -36
-59 4 62 4 6 -22 11 64
6 19 -28 1 3 -11 20 -26
-56 29 38 -9 8 0 -26 51
12 -64 49 -2 -7 12 -14 45
-55 15 -26 41 -11 26 -20 -16
-38 42 -8 18 -6 -4 13 22
26 19 28 2 -4 12 -59 -10
2 23 46 14 -4 60 11 19
-65 8 15 20 29 -39 -6 -20
-56 37 -43 -23 48 12 -17 -3
24 -3 56 -19 -4 -23 53 56
-39 -10 34 74 3 14 22 95
22 44 38 -3 -47 28 12 -32
61 41 20 62 21 25 13 5
17 -10 -3 35 -13 61 9 -2
38 45 -3 -71 13 -49 6 46
-45 53 -40 63 -6 10 -27 0
21 -1 -58 -21 49 40 25 -66
-19 3 -68 -5 -2 -52 40 -17
49 17 51 49 35 20 24 8
-32 77 28 -30 15 -36 8 86
33 -50 -18 -38 53 -36 58 61
-5 80 32 -63 -11 97 47 48
-19 -33 -14 -6 27 -44 -9 113
12 -14 -21 33 -6 7 1 15
-34 38 38 -28 -60 27 62 -2
-20 45 36 28 -18 75 37 -28
11 5 54 -2 -11 -41 -24 40
57 30 -31 19 75 -19 24 -82
21 -50 -14 -44 -18 43 29 -55
-71 22 -40 -4 -33 -20 42 -20
33 0 -4 43 -67 25 56 4
26 3 9 19 13 10 -9 -51
-14 -19 76 -82 44 -9 91 35
55 74 -9 -70 -35 3 -13 39
-41 43 -27 -3 21 40 64 14
16 34 11 86 -37 -8 19 40
96 -20 17 104 -25 -6 28 12
-33 -5 -72 52 -6 -4 -45 58
-32 9 22 -30 13 14 9 28
11 -14 27 -25 -35 -44 41 -18
21 -38 50 -31 57 15 -3 30
7 38 -53 16 7 8 -24 -6
41 5 3 21 71 -9 86 -5
98 -19 0 35 -5 49 53 -14
25 12 -1 -29 63 56 28 -24
-4 29 29 31 23 50 -1 -15
-33 -41 14 51 74 46 30 65
27 -5 71 48 -1 43 69 9
-8 1 35 11 -21 23 25 -21
22 53 -46 19 32 15 -33 -48
-5 35 50 -27 24 -21 61 -32
30 -53 88 -35 1 -11 49 -50
-21 5 -1 30 -27 -11 -13 -8
-43 -57 22 -14 11 -14 -17 27
35 45 -15 16 12 14 -19 52
-19 9 50 -14 32 6 -3 11
46 -2 20 -5 87 -13 42 -8
23 -12 -35 8 48 27 56 -12
27 -2 94 11 -61 33 45 0
41 -56 -85 -19 -13 75 22 6
-21 -25 68 -6 42 60 16 21
36 -19 -16 -5 -44 -38 -2 12
-16 -28 20 -13 -37 -37 28 12
0 -8 -33 -34 -59 -68 -17 -21
-27 -1 49 -24 22 1 -26 -21
17 -12 -46 23 21 40 65 -4
-17 87 46 -11 60 25 -78 25
6 15 31 5 -22 45 -56 39
-12 -18 -11 18 24 41 62 62
5 25 23 10 -15 -3 18 6
8 43 -30 7 34 20 -16 8
-3 6 -3 25 -47 -32 15 -1
12 42 33 -18 -12 10 35 62
-16 21 78 10 32 37 11 -55
-35 -38 1 5 39 -19 38 -53
-34 16 -25 1 37 -35 15 49
-14 75 11 54 0 54 -34 -22
-20 -3 0 21 15 -9 -17 -7
-16 34 31 -35 38 -13 31 -17
41 -4 -17 4 70 -17 -9 -36
-34 -16 5 0 -28 50 45 -5
46 20 11 34 -18 -68 -18 -29
-12 22 -40 38 43 53 15 -41
-4 -79 -81 5 -12 80 -24 36
13 -25 43 25 9 -2 49 69
-19 -25 6 15 21 -15 12 -5
-35 -23 -31 46 31 74 19 13
-13 -4 -70 42 81 -7 38 -81
-14 14 -11 -10 33 -12 -35 5
-51 -5 42 38 73 -12 -65 12
-69 42 21 -62 37 -46 -40 -4
5 -4 42 -21 -23 -8 42 -14
-4 81 -37 17 -10 -28 -111 33
-5 16 -50 -24 -17 8 -20 -10
51 -9 -10 76 -19 22 28 34
38 38 1 14 25 -52 -21 -25
11 42 -11 53 42 83 -32 84
-26 -14 10 42 36 19 -13 68
0 -29 -78 6 35 2 24 -16
34 -35 11 38 -52 40 34 -28
3 -22 -9 8 -9 59 3 56
-31 -2 20 37 -2 29 38 -32
38 -52 63 -25 23 80 -38 98
17 -41 33 18 12 26 0 2
39 45 -25 -33 0 -50 58 66
-24 -7 93 -17 24 31 -43 62
-21 18 -22 35 26 -19 2 -77
56 -10 29 33 -7 45 28 -17
-22 -37 -26 -15 -26 -34 -45 -7
31 38 28 34 57 48 -59 -37
-32 1 46 27 6 8 15 -9
-52 6 -50 34 5 -55 -13 25
-32 6 -68 19 11 18 12 -13
26 57 -38 18 3 12 46 -7
1 47 40 17 69 21 -21 -1
-1 -6 4 28 8 31 -30 -22
51 -49 44 19 22 36 -50 3
-37 -22 -90 5 4 1 57 23
56 -76 20 -10 19 34 -50 3
-20 15 45 37 40 18 -12 7
26 1 39 42 -7 29 29 -8
-5 42 -12 -30 7 -20 32 7
16 26 -33 77 -16 1 19 30
9 20 37 1 -2 36 -12 -20
66 -24 42 72 61 48 57 -2
-27 -15 6 6 -20 -54 -37 36
-19 36 25 56 31 2 -17 7
0 -6 -17 -38 -32 -28 10 14
-45 7 -19 21 37 26 -38 -1
-45 -16 -12 63 57 -12 -38 17
-10 -23 -25 10 59 14 35 -20
104 20 5 -44 62 -22 -21 16
4 41 12 63 -18 40 -42 4
40 45 3 43 27 35 24 55
64 74 50 26 -13 -2 21 19
21 -10 71 18 12 57 37 -65
68 -46 28 -11 25 64 14 14
-28 21 -33 38 -11 83 -18 -3
1 -37 -12 18 2 21 44 20
41 58 45 11 56 11 26 3
-8 8 32 -10 19 5 76 -18
23 -35 89 22 -4 -16 67 40
-37 58 -10 -42 48 2 -40 4
-9 5 31 46 21 16 3 11
31 -52 19 3 -34 -20 45 -12
43 13 -37 11 13 19 36 8
40 11 43 1 61 37 31 88
-19 -38 -36 -44 -15 -9 21 20
-16 40 91 46 2 9 19 64
-12 71 -6 -10 28 34 -48 72
69 -24 -22 30 6 -20 -2 29
-42 -20 35 12 2 44 -29 18
4 -80 -38 4 36 -21 55 31
-61 23 -25 2 38 -16 -17 -24
34 26 -41 19 -11 5 -16 -31
29 38 -13 14 31 85 -30 -15
6 -10 41 -14 62 26 11 -29
13 56 16 29 -41 8 19 38
-7 48 30 75 6 4 35 -34
15 4 24 -7 8 -31 -34 -9
-33 -11 19 53 -59 -22 34 -3
9 -17 12 -19 13 -34 -6 -7
17 17 68 59 5 -3 16 35
21 -40 8 16 36 47 23 -5
-3 24 -7 -27 22 -4 96 -51
-13 -11 1 -13 18 -9 81 1
21 -2 33 30 8 3 32 -8
-10 -8 11 10 33 -11 2 4
53 -9 -28 -30 1 34 43 65
42 26 8 -4 8 36 -24 17
-16 41 -1 21 10 3 10 -9
-9 40 36 -11 13 66 -29 54
11 -17 -16 -30 8 9 46 -28
-37 8 52 25 23 -4 -24 2
25 -54 -4 25 -18 5 17 -19
3 34 -66 -59 -19 -40 -33 21
-52 -25 -1 0 -3 2 -35 -34
-21 -8 38 32 30 -7 -16 84
-13 -6 -24 -40 25 96 19 95
-40 -23 35 52 28 16 -14 -6
-32 15 -2 6 -1 8 57 35
36 36 -36 42 20 -7 1 -9
31 -20 66 30 57 -21 -38 -5
-40 -24 40 83 24 48 -2 46
0 5 58 37 -2 -5 37 -22
11 23 23 15 34 -34 6 3
55 -29 25 31 19 6 44 18
45 34 13 5 -23 17 -14 46
74 -8 -20 -54 6 -11 -30 33
-27 26 45 -14 58 43 2 -20
-9 -12 -57 4 32 10 -55 29
55 19 4 36 -36 48 -28 29
31 21 -5 -50 12 1 35 26
-20 -23 -12 4 -2 45 25 -2
16 54 -11 -58 -85 -4 37 19
-21 -1 42 -34 78 20 -17 3
44 43 12 -17 63 5 -43 -22
-6 9 7 51 -20 18 -21 -20
23 37 -4 -24 8 -36 -76 44
67 -40 -54 24 -10 10 -27 77
8 95 68 19 43 41 -18 37
-30 -38 -9 22 18 -39 12 -8
67 27 58 41 -4 -63 -33 30
19 -9 12 -28 26 47 -9 4
-3 15 66 -15 -6 20 -10 -53
19 0 11 -1 27 -50 -11 1
61 21 0 36 25 -11 -30 18
-52 -29 56 -5 -23 -28 -9 56
21 40 14 -29 1 16 -11 54
-7 29 22 -25 14 18 -14 29
-25 -42 -59 16 -9 27 -17 113
36 31 68 -3 75 -35 -73 -15
-24 -66 5 13 17 52 47 -25
-56 -4 -4 30 -9 28 19 -40
94 3 -9 0 21 41 18 0
-12 36 96 34 19 1 62 28
-25 52 34 -34 42 -37 32 -53
-12 -47 -37 -18 13 -23 39 -34
32 -61 -3 13 58 -47 23 -42
-21 -8 27 -2 -4 44 -17 -12
15 -19 6 -23 -13 -3 -18 13
33 32 11 -37 -4 17 -13 25
-71 -39 59 12 67 50 10 -62
13 -30 -30 -6 -18 15 5 -62
-20 -2 18 -52 63 56 46 -17
-19 22 31 -75 -34 49 17 -8
-11 -21 22 -34 36 -63 11 -30
30 13 -25 -4 10 -15 -53 41
10 18 67 -44 -1 -41 33 -33
34 44 10 -44 22 43 -36 34
-44 -21 46 -28 31 -17 47 -1
42 1 -16 -25 20 41 5 4
6 27 -61 24 -73 -25 23 51
-70 42 21 -20 -75 45 35 69
-12 -45 1 -20 54 9 -71 -27
66 -18 -8 -19 -4 -9 31 -15
50 -6 10 -15 0 13 37 -25
0 -13 -1 -20 -17 1 -30 4
-6 36 4 -36 8 56 0 52
39 44 32 5 -47 24 0 -11
-20 38 -20 -30 -23 -15 -31 2
3 43 2 -27 -44 8 37 121
1 7 3 -45 -11 42 30 -8
-54 28 35 43 -8 -1 -3 -2
3 -14 -8 13 29 17 54 34
-8 -28 -32 -71 35 11 -5 -4
-5 104 6 37 4 8 -48 -16
35 2 53 4 -21 -21 -44 19
-42 22 14 1 -3 42 37 22
-18 -36 -12 14 2 22 -30 11
29 -30 1 -10 22 20 74 -16
39 8 24 14 0 17 36 -21
-54 18 -41 50 44 19 35 -20
23 9 -1 104 20 -13 -39 -50
-9 84 76 -70 12 -30 -6 76
5 6 5 39 -29 23 6 -19
-46 24 -36 -62 41 -32 -76 -60
64 -14 19 0 -20 14 32 60
23 76 9 -12 45 33 39 -5
0 11 23 1 19 31 -19 -37
-4 -37 11 -6 56 41 -20 18
37 -20 -41 42 -55 27 70 -7
-17 12 39 13 1 14 29 -40
4 6 16 -3 -39 -24 18 34
-38 -66 -58 88 -1 -3 -18 -35
71 26 14 38 35 18 -52 60
55 -48 39 9 17 43 13 -59
-17 -56 1 -27 -12 -2 13 19
12 3 6 31 22 -18 20 30
-45 41 -10 22 33 0 4 9
48 3 0 -9 53 7 -46 -15
-32 48 -10 -10 42 32 50 6
-52 -21 -23 6 -22 4 16 -4
-2 17 -30 30 1 70 37 -1
51 -45 80 44 -34 29 7 -44
-23 -5 60 -2 -16 -16 3 -21
-30 45 15 48 1 22 9 -22
21 -20 57 8 -16 -5 12 6
54 -40 34 52 75 62 -25 63
18 -31 -13 41 30 34 -38 -10
-17 19 -23 13 49 18 10 16
36 -22 -21 -7 11 18 -14 -6
80 11 -14 6 -6 -1 54 39
34 12 60 3 -21 -30 36 10
-27 55 -17 -38 -62 90 18 0
-79 -34 -6 16 -1 -16 14 -23
5 7 7 30 -17 -23 26 -30
21 50 15 -52 -2 37 -4 -20
21 -23 -23 -7 1 35 -2 -11
-21 31 17 -15 36 -30 13 -1
20 -25 15 56 -17 9 22 -37
2 -33 -8 30 29 32 25 -24
22 4 20 6 25 7 -1 -12
-16 -41 34 15 14 1 52 16
12 -51 -26 -20 44 30 11 -4
45 22 15 -41 -35 38 -55 -4
67 -11 -21 -22 27 -33 70 51
-41 -43 -5 27 16 35 -23 -15
-2 32 8 8 6 23 29 -17
-26 -57 82 -3 8 31 31 -46
-17 19 -33 -1 3 -16 34 -16
-78 -8 -5 8 -55 -33 18 56
40 14 -13 -13 38 2 -27 -16
-45 -17 -64 -22 -86 31 64 -19
-20 48 -15 1 31 -10 19 -15
3 16 55 0 -24 43 2 75
-10 36 18 33 20 21 0 20
15 -4 -1 50 -59 7 -13 65
-29 97 17 -11 35 29 -52 6
22 54 48 27 54 34 63 20
-10 7 22 20 45 -61 29 -18
14 50 -10 -50 -40 59 45 -26
-71 -25 78 43 -19 32 -4 35
25 28 12 63 50 -17 -25 16
-12 7 -22 11 -11 4 71 -51
-2 30 -79 50 74 -6 63 -45
38 49 -23 -24 -8 -36 2 58
25 5 -22 -28 -9 -23 13 7
65 -44 16 28 -15 -27 37 9
14 37 40 43 34 13 -51 -19
-41 64 2 22 23 6 -17 -29
64 -29 -45 -32 -31 23 -29 19
-27 17 -18 -62 33 -3 -51 -48
46 -52 28 13 40 43 -20 51
-32 -15 8 -36 38 76 11 3
2 51 39 42 -91 26 88 -31
64 22 -26 -11 0 61 3 -38
10 35 18 37 73 -29 -18 -9
2 -8 -62 -27 45 55 -5 -54
34 -26 -24 -6 24 -2 -51 -18
34 21 10 33 -4 63 57 35
48 37 -10 26 3 -48 24 -34
18 11 -32 55 -57 46 -4 42
10 -29 -48 -41 -53 -59 6 31
-2 -30 5 -24 14 19 -75 23
27 3 -4 78 -18 22 -54 7
-4 -34 60 14 60 35 18 -10
7 -18 14 -16 -2 -4 61 41
3 42 -13 -13 21 69 -35 -5
34 33 13 4 31 58 34 4
-64 41 6 8 -32 -30 66 25
16 45 30 15 34 15 -8 -2
77 -3 30 91 8 8 19 -27
4 53 43 37 -11 19 -9 65
34 8 38 -50 6 5 25 -8
-76 73 -52 -5 24 53 10 -27
-4 42 -23 10 -28 7 38 -43
45 -67 -31 -42 0 -46 -6 -19
-5 4 -16 12 49 -28 44 2
-57 17 37 -3 19 -21 20 -20
1 -1 40 -67 -37 72 37 -66
21 7 12 -6 -36 10 -13 -40
71 36 7 3 -60 -16 -28 20
-56 16 45 33 44 12 -41 -8
-51 15 -55 26 -10 17 -15 -48
-17 -16 -60 34 -8 56 30 85
-11 24 71 1 29 3 0 -40
2 53 -14 3 56 -7 5 27
23 -8 54 14 -36 4 9 -12
15 -23 49 -18 -23 10 35 28
43 64 21 20 -23 10 -17 28
-31 -62 34 4 -2 23 -20 5
-14 20 1 38 6 -21 6 1
14 0 -16 -4 52 -28 6 -3
-27 -26 34 -2 9 36 3 54
24 -2 14 -1 37 36 31 15
1 66 6 -10 52 14 -54 55
-11 45 83 18 21 31 -62 41
-39 43 -29 -21 17 13 9 18
15 8 -5 24 -17 10 27 -64
-29 -5 -21 -45 -33 43 9 -9
-6 -63 -9 48 7 -12 -12 -18
-12 31 71 -80 -11 21 33 0
10 21 12 19 -16 54 -13 -55
45 55 11 -23 -51 6 0 13
-42 35 1 27 -9 -53 -1 29
-3 -1 24 25 38 -59 6 3
-45 -2 -12 35 24 2 -17 -72
23 43 -36 -5 39 1 36 -12
39 95 33 55 3 -37 18 0
64 41 -41 -7 -20 -12 -4 -15
-40 31 -6 47 22 17 32 -22
-38 30 -37 74 -20 -22 -20 14
17 14 -37 -39 5 40 8 -61
76 19 6 15 -72 -15 17 -7
44 -21 63 -52 44 71 -2 13
-14 -21 19 5 -22 -25 31 91
18 27 -2 7 25 -18 16 2
-26 52 20 -43 4 -20 3 -11
-22 11 9 -39 -4 9 28 21
17 33 -5 -9 -35 -7 -25 14
35 -11 -8 -61 24 18 -4 17
3 -66 -39 57 15 41 -29 4
4 -2 -1 41 73 -31 -2 34
-16 34 -24 78 10 -17 -70 39
72 -14 -13 18 19 22 13 37
32 58 4 14 33 50 4 -1
-11 1 8 5 -41 -16 15 17
34 -10 5 63 47 27 16 13
60 55 21 31 -89 4 1 2
5 2 -3 -9 -43 -13 -32 10
62 34 12 19 -13 47 21 27
7 19 -28 -2 -16 -80 24 40
-52 14 37 4 2 58 34 12
-3 75 20 39 66 8 18 7
49 -29 -21 -19 -23 1 -80 87
-42 -4 14 -39 30 36 30 3
5 -93 -24 -19 10 -37 53 -66
12 19 -12 1 11 2 28 9
-10 -46 -24 -7 -52 -30 -7 -26
32 -1 -27 -69 -9 -11 23 15
4 42 53 1 3 26 26 99
-31 40 21 1 84 -5 27 61
5 10 29 10 31 30 46 -4
-39 16 4 24 28 -16 -18 12
