35 45 15 24 64 24 50 -32
30 8 43 -14 23 23 -21 14
57 9 9 62 39 44 8 63
-4 27 28 78 25 72 4 -43
29 16 36 52 74 2 44 -18
25 12 14 39 45 14 30 64
31 54 0 32 17 114 16 11
78 107 44 34 45 0 54 25
18 16 1 17 -3 65 48 -8
-35 30 34 58 -42 22 49 29
56 -1 35 42 33 33 7 63
4 34 19 3 36 -42 8 -15
8 46 38 72 14 31 -1 -19
19 -41 60 43 4 -35 -5 -36
-35 2 54 61 47 39 20 74
25 6 67 60 8 5 20 -17
-46 78 77 5 69 26 -4 49
39 17 -11 -1 16 37 -1 38
31 63 -24 3 4 71 -8 -40
38 -19 25 56 33 67 37 7
34 9 -6 -27 7 8 33 38
8 -36 101 24 36 25 20 11
44 21 38 43 72 9 13 24
50 28 54 -12 46 40 53 4
60 32 55 40 3 33 12 65
12 37 81 25 11 32 -15 12
1 45 16 38 28 21 48 40
-6 19 45 49 78 43 97 19
5 -4 -50 57 46 53 -10 53
14 26 5 23 53 28 42 -22
-8 52 60 85 57 45 20 36
84 -3 9 14 30 -18 -68 53
33 37 -29 15 -19 16 -4 -2
-36 33 10 -15 29 43 -1 14
35 -1 44 4 31 42 2 31
39 33 7 32 61 48 11 8
16 42 -56 -12 -31 29 25 46
30 86 31 -5 17 -24 32 8
4 -39 -21 27 23 89 -23 30
11 -11 86 15 22 34 70 52
50 19 17 24 19 44 16 3
-22 19 11 38 -2 31 50 34
26 -45 66 45 60 9 41 28
31 64 53 -27 61 122 12 65
65 14 31 -58 21 0 46 87
20 12 44 20 -29 -2 10 2
-8 35 -11 37 51 -23 50 44
66 32 6 -17 18 18 -30 24
5 19 23 85 47 11 19 20
-7 -14 1 -29 78 22 29 45
-5 45 34 -3 -15 -45 50 6
49 45 17 50 56 63 13 79
56 50 11 34 96 -21 -9 39
27 44 37 -23 12 34 27 -2
31 4 -4 21 44 7 40 9
54 22 -21 51 32 56 12 28
42 -4 -43 59 6 80 36 10
21 31 65 -3 -7 102 -15 64
36 91 36 50 55 -8 18 52
17 45 26 29 7 36 54 78
6 -25 33 12 38 9 12 1
57 12 -28 89 96 44 -10 16
-45 25 64 -44 -14 24 31 17
25 7 -2 38 66 14 36 57
39 23 -26 42 6 52 31 2
-13 -12 49 56 61 -12 -15 45
-31 48 56 48 -10 -1 -22 15
36 40 33 25 45 8 4 14
46 38 20 42 -7 -8 -4 17
20 15 53 31 8 -5 53 31
7 31 33 47 49 6 78 13
-6 3 42 -13 -5 71 -24 56
2 60 8 20 10 2 39 16
29 -24 -26 62 31 69 -20 0
16 18 10 -6 69 25 -7 -20
-8 -12 33 34 50 31 -6 -52
-26 29 24 6 20 8 40 14
1 3 -20 13 13 5 20 61
15 37 -19 1 -28 51 58 31
14 35 6 -62 -9 15 0 85
88 26 2 -3 53 97 20 17
14 31 10 -19 -1 18 -36 54
-18 -33 -14 60 56 7 5 -19
79 -8 20 73 53 -4 63 15
62 1 78 36 -13 32 102 36
92 84 18 -31 -23 5 33 24
31 45 25 26 16 37 -13 -32
65 5 -28 44 105 19 61 9
-18 47 21 68 -12 42 35 -25
46 -20 0 -23 47 -15 2 -13
52 3 17 76 10 48 5 22
52 5 4 46 20 43 -23 -5
-1 -9 9 23 61 49 -4 4
66 -67 -4 51 6 58 27 3
14 95 43 68 25 41 32 -5
16 4 24 -8 63 38 -59 49
15 36 -35 -23 63 -9 60 35
17 -2 35 43 26 61 13 11
27 -7 42 55 23 52 12 35
93 58 58 58 13 24 42 50
54 29 25 89 -11 -35 29 39
23 46 24 64 -25 53 41 9
2 34 42 -18 -36 -11 6 58
16 59 -26 -10 -18 35 -34 24
77 -41 73 28 28 54 13 13
-18 42 18 62 34 44 5 -5
17 88 80 19 4 -28 -8 0
74 50 7 38 -8 80 71 -24
-5 42 -24 12 54 49 60 -35
102 0 36 -20 47 -10 -4 -25
55 3 5 40 69 34 -11 3
33 63 21 32 63 33 23 34
-38 16 11 16 -128 -45 32 34
-2 16 20 54 47 -18 -15 46
32 70 19 77 6 59 37 -51
-10 39 -39 19 -2 50 -4 10
24 24 72 -7 31 73 19 23
55 -29 -23 -19 11 33 42 29
18 34 34 41 53 2 51 5
25 23 29 32 -8 22 35 50
-15 3 88 -19 3 34 18 64
14 12 51 -26 -17 -8 -35 0
10 59 24 24 6 13 67 -12
40 3 35 94 50 22 59 -8
16 42 44 30 52 -25 49 41
28 32 19 40 58 6 2 -5
8 77 -51 -4 2 16 57 16
9 33 41 8 44 24 13 -8
10 5 18 32 28 41 2 51
26 -4 68 69 16 29 31 27
7 69 34 31 -79 19 30 61
30 29 53 91 -8 14 3 -2
12 -45 35 29 51 -25 7 7
5 29 5 35 36 33 63 26
53 -59 41 24 24 58 67 -21
28 -18 0 32 4 8 -7 0
33 27 58 52 24 21 13 41
30 29 -28 18 -48 -34 15 -27
20 -30 5 54 12 -19 0 38
31 22 58 31 14 48 46 -17
9 42 19 35 77 52 -2 -39
9 -6 19 2 50 -1 -23 -8
22 69 72 11 -9 102 28 0
26 47 40 30 90 -3 -14 44
26 63 18 31 -40 -26 50 -15
27 39 -9 7 68 59 22 -43
27 12 6 44 30 66 -45 -2
-15 6 33 76 35 25 -14 2
-8 -10 0 35 -60 -23 -38 40
23 67 -6 -21 -22 95 -14 41
13 -7 42 37 -25 41 -24 65
28 6 49 56 9 -15 20 10
46 17 43 -2 45 31 33 31
91 17 36 66 -7 -21 41 -27
30 33 -53 -8 -15 -25 -23 26
-12 10 -8 60 4 12 -4 32
63 4 -13 1 70 46 19 36
-17 58 17 32 -26 29 48 21
-7 32 -10 -20 -2 44 38 8
41 10 3 0 59 -10 -9 9
-39 49 37 61 20 1 1 47
33 44 54 2 29 -27 5 17
41 36 -22 37 31 3 6 -22
50 32 -47 44 25 49 69 44
4 38 21 31 -12 -4 60 20
91 38 39 73 -18 39 -23 55
-35 47 -7 37 -27 16 9 35
30 85 11 8 4 22 -35 -40
68 16 -11 8 -32 27 67 15
24 43 42 48 31 50 -37 -27
-8 -8 14 15 38 26 -9 38
35 20 10 13 7 105 43 28
24 28 -13 5 -5 91 85 50
0 5 19 15 36 70 -22 47
0 9 19 -72 -4 51 51 7
4 20 44 -40 0 63 57 89
-7 4 54 -36 62 14 108 60
88 -28 65 18 18 11 38 4
47 -10 82 20 78 24 25 43
-12 29 -16 -30 29 -32 -1 24
-1 29 53 1 67 -34 37 -9
54 5 -17 66 40 32 4 39
62 0 15 33 25 55 46 -21
4 9 6 38 40 30 11 -2
48 22 61 28 80 24 -15 76
42 15 18 20 7 35 44 2
-25 1 -36 26 -3 58 -66 30
11 26 101 -6 21 48 26 -4
7 67 6 68 84 66 60 -11
42 -40 31 1 17 47 -7 -11
23 -5 49 102 44 3 10 6
42 19 33 48 71 1 -1 1
-37 31 -4 -21 -1 -49 38 43
64 69 28 49 13 50 46 28
16 12 21 13 -15 66 -34 54
40 24 26 -69 -18 49 -8 52
11 42 33 28 58 64 64 6
82 49 51 47 49 27 26 30
-13 29 2 66 49 56 97 17
32 -5 39 56 9 39 21 45
34 -46 34 46 67 -35 24 32
-17 33 31 9 90 -8 70 14
29 53 74 -33 46 78 32 -3
63 26 5 -32 54 51 -7 18
9 16 2 43 12 14 25 44
28 -15 9 -8 51 49 37 26
25 52 -12 18 -2 -31 20 -1
1 9 -58 25 -40 35 76 -29
-107 86 7 17 -3 69 15 -14
77 13 0 61 68 -7 32 -2
64 20 15 27 1 64 -15 -4
89 7 53 19 48 -1 8 -29
33 -6 16 18 76 50 -1 7
12 54 -40 19 14 64 29 -2
27 49 -5 -66 80 36 -6 -30
2 11 38 -4 24 20 56 -19
9 48 2 60 51 1 36 -45
56 -51 40 27 64 2 0 51
73 64 24 -9 -22 -5 19 4
-14 11 -29 -78 67 -37 42 23
-51 27 20 -9 81 33 -13 24
-6 0 11 31 34 20 71 59
71 28 -1 48 17 6 60 -36
26 82 -12 26 27 71 51 16
18 35 10 52 56 70 6 20
48 10 24 -16 41 13 -29 20
-10 -25 35 60 2 28 31 -71
1 -21 72 53 36 -2 6 49
-2 48 22 -92 39 51 19 23
72 -4 -5 -38 -14 117 24 -19
16 2 33 16 39 44 26 -1
9 -21 -20 24 48 34 14 4
32 15 19 42 73 15 15 5
-42 17 41 -8 76 28 44 30
25 48 94 12 37 -11 39 -53
-11 -4 -52 30 4 37 2 -16
28 59 49 86 -31 53 48 24
-28 56 29 -16 -23 12 36 33
43 7 7 31 45 48 65 32
53 76 23 39 47 20 100 -34
48 39 -1 34 32 7 54 46
7 23 36 2 42 37 41 24
43 60 -12 85 -4 27 24 57
74 12 38 -7 41 36 22 16
31 -9 20 30 15 -27 85 25
36 -29 -1 44 -1 42 45 3
29 -14 -9 -1 16 15 71 20
14 11 24 31 56 28 -37 34
-28 35 46 -18 74 22 12 -37
34 19 23 -25 24 13 39 42
38 -7 32 5 35 8 35 -1
-5 47 6 28 71 13 62 -7
16 -17 -1 33 29 27 -32 71
52 4 -2 -2 17 53 67 -7
44 40 16 18 30 8 -49 46
-10 24 0 4 28 37 -55 41
62 -7 22 15 30 3 16 20
51 -25 28 3 82 56 39 -26
20 -31 57 16 -3 -14 22 53
15 47 -20 36 77 -29 1 -3
26 8 23 23 50 18 35 17
30 -9 1 54 23 8 31 -7
-2 -43 52 32 7 17 -20 27
56 39 24 49 87 32 -8 28
-2 59 -16 53 43 46 13 -23
83 27 6 56 30 53 32 -58
26 11 -10 34 -15 83 58 1
26 54 27 2 58 21 15 -1
40 39 -5 52 34 35 57 17
-7 -4 -18 -6 17 35 13 66
39 -13 16 38 21 42 15 -19
2 14 5 57 -21 68 47 57
45 -5 56 47 42 57 -1 -15
57 -52 10 -79 -17 24 10 28
56 28 21 -3 50 48 7 40
44 27 8 14 33 35 -12 11
1 75 27 37 6 45 20 0
-17 27 57 72 77 19 73 -6
57 11 0 21 37 -16 29 27
15 -18 33 47 21 27 23 12
-57 -9 -22 17 60 86 25 27
1 -9 -23 37 6 -49 22 21
9 -6 32 65 32 6 38 -1
-49 32 64 50 -22 12 25 24
46 60 -7 71 20 44 43 15
4 16 -13 19 17 58 -30 52
42 18 5 -53 56 59 27 34
21 7 54 31 32 52 65 -38
41 -13 -9 43 -10 45 28 -37
-18 36 -28 53 79 107 34 57
29 -2 79 7 56 58 21 -3
23 -3 10 18 20 37 49 56
-5 26 -7 32 66 10 14 23
89 7 7 29 20 28 9 40
9 28 30 48 75 27 20 0
47 30 15 32 32 0 5 62
41 27 25 -4 -1 74 26 73
-32 34 40 16 35 43 12 -28
90 39 23 38 30 -17 52 31
26 71 41 43 -5 16 65 57
16 0 -21 22 30 59 33 32
12 16 5 3 39 39 -9 17
-1 21 68 67 21 15 9 14
-57 78 85 14 13 -24 35 14
27 12 36 65 31 53 70 33
-12 51 -5 75 46 36 57 -15
49 -9 -17 78 -28 80 11 -40
-25 -25 51 4 40 39 42 26
-27 52 -6 75 82 5 -1 -2
33 51 52 -26 31 15 2 50
55 6 36 29 4 9 2 37
31 29 21 18 68 60 -12 46
34 29 29 38 23 -14 -16 45
37 3 52 36 24 -13 -16 18
3 5 -32 79 22 17 54 6
11 25 102 -4 18 17 56 43
41 25 10 32 7 -10 -6 18
72 75 -14 28 32 -72 -43 -32
31 -15 26 50 10 -17 28 -36
63 70 20 23 2 59 10 32
12 0 -15 -28 -33 108 69 -2
79 68 42 96 2 12 -54 -11
41 0 67 43 -10 -1 7 9
-29 31 32 -50 56 50 90 32
40 18 -20 7 -24 -32 22 41
54 24 53 -15 13 -76 55 31
55 61 40 51 54 21 51 59
52 28 11 7 32 16 101 70
47 27 22 36 35 -8 68 -15
18 60 106 -30 28 66 -41 -31
40 48 0 19 68 14 70 33
0 -12 14 50 50 46 46 -27
-1 7 1 76 9 35 19 -18
52 -6 51 58 9 65 62 17
-11 -8 28 48 6 15 26 10
63 33 43 -23 32 69 66 -16
47 14 47 25 76 -20 61 37
36 -28 44 17 2 43 44 -5
25 36 36 71 -5 31 13 -44
15 -2 36 12 96 43 42 8
40 24 27 6 33 18 9 6
82 -10 39 63 23 14 63 96
66 -25 -45 57 4 51 20 -15
37 54 26 6 11 70 4 17
7 5 43 47 42 45 36 27
36 23 -14 37 14 19 21 2
-13 17 58 72 -2 36 6 -12
74 2 57 4 63 -2 39 34
19 29 11 53 10 1 20 37
67 26 -27 -51 18 -20 31 -7
35 -4 13 6 31 87 48 40
40 44 48 16 -47 13 -26 35
57 10 3 58 -6 53 45 27
90 16 -15 -4 22 11 23 78
18 55 21 -20 43 -12 -50 20
15 34 0 69 34 7 5 15
-13 -13 43 -63 15 25 65 21
69 15 37 -28 51 97 -23 18
69 -14 -1 43 65 91 52 -7
-81 18 8 14 16 11 33 8
-40 -56 20 51 28 46 44 9
57 25 34 -37 47 17 29 2
28 -1 -7 49 4 46 17 1
6 17 56 7 19 -1 2 14
18 -1 -37 8 78 76 29 11
-3 37 -22 64 -23 16 56 28
26 -15 10 13 39 17 6 5
1 68 42 30 28 5 93 6
23 4 7 0 14 30 13 -48
16 -12 -41 44 67 24 41 35
40 64 42 13 35 71 25 -31
13 66 29 3 45 24 6 74
34 60 34 45 49 31 47 27
64 22 26 37 63 14 38 -9
111 83 -46 46 12 66 67 57
60 -35 -21 -8 33 43 -1 19
11 -5 2 36 45 54 3 13
37 -58 43 78 75 28 45 70
32 13 6 20 58 14 26 61
69 57 30 9 35 -23 -16 24
-18 47 -25 40 74 0 43 68
56 -17 32 38 47 28 37 -1
37 -7 27 1 -16 26 16 -12
99 70 8 43 75 -18 59 36
73 -12 56 43 -27 38 -28 -10
77 49 -17 7 10 3 108 32
-41 60 62 78 5 1 32 -6
48 15 3 41 60 34 -19 42
52 -11 37 17 33 -14 70 7
17 33 9 35 43 14 17 -15
-20 69 -28 -45 42 17 54 1
22 0 5 -5 32 23 45 40
-34 9 56 47 19 5 7 -2
11 51 58 69 -33 64 26 -13
81 59 31 57 44 31 44 -3
17 61 75 -53 59 -7 71 -6
-15 59 35 73 48 4 27 43
85 -16 38 38 56 1 20 17
-17 20 67 50 103 17 16 31
32 24 20 48 34 0 24 0
60 9 -5 51 17 16 29 11
0 -26 80 0 -3 -5 -9 17
-3 1 12 75 41 33 20 86
41 88 69 61 -33 3 55 30
46 56 9 35 37 11 -18 64
-14 33 -38 -20 -9 79 -22 51
-48 28 63 3 43 -1 68 0
5 61 71 -20 36 -29 63 24
26 -19 95 19 56 56 20 5
53 49 -6 16 17 48 29 13
15 46 -13 23 29 -4 -6 -14
40 -26 15 31 25 55 60 30
39 25 13 12 27 -32 7 -4
48 -15 -4 -37 61 3 62 79
49 50 8 -19 -9 112 77 31
0 42 72 120 22 26 33 28
46 35 -21 25 46 -32 31 38
34 -15 58 16 59 58 -22 58
32 21 75 4 33 20 0 63
12 56 35 18 -16 48 -16 32
66 69 10 28 63 15 63 36
-2 39 22 60 53 73 4 27
58 -49 25 24 51 22 10 7
72 52 2 -21 26 18 23 -7
-16 13 18 74 -17 2 41 64
72 7 43 23 8 49 30 17
31 34 -27 30 81 4 37 27
41 14 19 52 0 -10 3 9
33 65 32 63 10 39 29 -8
83 -4 -30 -15 -32 -4 -9 31
26 62 32 11 67 12 1 29
34 -4 -8 33 67 95 75 48
39 -5 -4 18 46 -5 19 16
13 45 -43 -15 68 -3 36 -50
35 46 16 25 16 10 53 13
15 52 -4 37 -16 -3 1 60
58 28 24 31 67 -15 75 12
4 -13 7 16 93 23 38 19
91 10 -32 47 14 35 -4 -14
22 -32 33 29 30 -4 -35 75
2 -12 -16 16 44 -11 49 81
7 69 34 63 0 62 6 27
-34 48 62 4 19 -8 22 -19
6 -16 -32 44 46 64 37 -39
31 18 -2 -59 30 76 -15 55
-26 46 59 28 -53 43 -2 -17
68 33 9 31 30 13 36 7
34 16 5 34 42 24 -12 41
-11 -35 40 23 43 29 -15 24
26 47 47 58 -27 22 -9 8
-1 32 11 4 36 0 57 62
74 -9 57 -45 -34 32 50 47
-11 39 94 42 -10 35 56 26
44 -34 59 78 52 57 45 -14
35 -10 7 59 71 60 0 41
-25 -24 8 57 43 0 14 5
23 33 8 74 -9 46 19 -20
17 43 20 -47 39 63 91 19
-11 21 39 60 5 61 53 11
71 58 13 44 42 40 67 31
56 20 1 39 -1 23 34 56
45 27 -4 39 78 8 10 0
86 -24 45 -4 13 -21 6 29
-12 74 2 24 -6 12 -19 40
60 43 42 48 -22 17 2 -18
-9 27 70 31 12 27 18 -38
38 -12 23 19 -11 28 10 36
67 17 -21 35 80 34 0 46
36 -14 27 -8 70 87 46 5
89 -10 9 18 10 113 20 15
57 -28 51 52 29 -30 14 39
-19 87 41 49 80 43 20 31
65 47 100 3 8 -1 25 76
-54 48 -26 42 83 57 27 -11
24 22 63 22 37 15 88 12
55 38 -55 30 35 69 63 -4
14 -18 36 27 24 -7 33 88
6 24 79 84 33 65 -50 11
15 8 45 -4 47 -9 12 60
-33 -5 -11 13 42 17 -15 35
48 13 34 29 16 50 32 20
53 -35 33 73 6 62 -21 -25
-33 8 34 89 -23 -1 -53 22
-45 40 66 1 23 38 23 81
-5 21 1 44 29 -42 -30 -49
-24 -24 61 51 -28 -10 30 -15
-11 -6 51 -31 47 -5 29 80
67 -5 66 -50 50 13 42 34
-8 28 42 4 44 17 -25 30
49 -30 25 7 77 57 -10 -3
48 31 -10 37 17 55 19 35
6 64 36 3 55 49 49 40
-8 18 55 79 1 -25 76 44
-30 46 -11 32 45 11 69 46
-2 15 29 51 13 -19 85 -11
-26 32 61 -56 14 -76 4 35
45 17 10 46 35 86 28 -15
-1 30 18 36 11 22 -2 27
6 8 37 51 85 94 10 18
45 -10 24 35 36 18 -30 47
40 -13 -7 60 75 63 -1 35
-3 40 -9 27 42 29 -7 66
-18 -16 68 28 38 36 0 34
-13 45 23 35 97 20 4 -7
46 49 32 18 52 -18 7 -8
16 -28 40 69 -13 104 64 34
17 13 -28 35 72 44 -8 -33
72 11 8 55 11 32 4 56
-30 81 32 44 -47 -16 76 16
76 18 27 57 57 13 21 28
-11 106 43 19 16 3 21 45
33 -50 42 7 68 -6 58 40
-20 24 -31 35 -5 -38 -7 -35
51 64 9 49 55 3 -39 38
5 8 -24 8 24 59 48 21
-22 28 15 17 38 1 94 -20
74 31 -10 -22 -52 73 21 -23
-13 -1 -46 -2 9 22 44 -16
53 2 -11 10 63 43 -31 11
39 -54 62 13 2 51 39 28
17 1 84 -13 29 33 -16 27
80 42 54 28 -19 51 26 11
8 31 23 64 61 56 46 7
23 65 55 -33 17 88 19 9
11 57 34 -28 -12 6 40 31
34 23 72 3 -9 73 3 51
51 -11 77 20 70 46 -9 48
49 95 35 110 18 18 10 19
35 -61 6 16 1 15 9 28
-31 75 -3 -1 12 18 55 -22
15 10 43 74 -16 -9 -34 21
28 58 -28 5 63 8 48 27
-17 71 37 68 99 1 -7 34
58 13 1 34 50 25 32 11
21 71 2 57 12 39 21 36
56 63 22 16 -12 39 61 -7
4 -5 13 18 14 24 17 9
16 5 42 -28 18 20 2 12
76 48 43 -28 5 -5 -5 33
-74 -37 19 -10 51 41 57 24
54 51 17 6 48 40 4 -2
-16 -2 55 21 34 67 -43 -25
14 -1 0 50 48 22 -3 26
78 -47 -16 23 12 67 -22 41
-3 -6 41 -33 15 -5 76 1
53 42 -16 75 14 100 -15 29
96 19 29 -10 66 12 24 17
63 33 46 69 8 44 31 -1
28 -6 45 -1 43 10 17 22
1 14 3 6 40 22 24 -5
63 -30 17 41 36 52 30 -8
14 117 11 -3 11 -3 4 15
-47 -37 4 67 75 19 26 51
18 96 26 7 61 5 69 -30
-5 -23 45 41 16 87 64 -18
20 24 79 -8 -12 -26 102 -17
18 44 7 -11 50 104 17 54
67 -5 47 53 16 54 25 -1
30 -10 37 31 -16 40 -40 69
-38 35 45 2 30 63 3 18
9 39 -39 20 6 15 16 48
60 16 30 84 34 40 34 60
-6 11 42 8 -17 -41 3 37
46 35 47 11 38 17 37 48
-6 -10 46 6 13 2 61 34
33 -23 -39 -6 -35 34 21 28
5 18 10 -18 -70 41 61 9
-1 52 80 12 -3 21 -9 17
13 -3 24 42 22 33 5 -48
72 -12 55 24 11 -15 -2 56
-2 38 19 46 31 69 -50 34
12 40 10 -6 42 87 72 12
-36 25 57 33 84 48 3 31
3 50 28 2 83 -28 48 -31
35 41 11 -33 -14 4 16 61
-27 -35 47 26 52 58 -16 13
-4 -1 -12 -45 55 99 43 32
-21 2 -20 84 53 44 61 -13
56 34 62 15 37 2 -3 57
22 16 -30 27 -19 -50 18 13
32 8 24 68 36 25 -14 -16
-19 74 0 29 21 -15 37 -29
67 36 34 34 -72 44 54 38
-2 22 -31 -16 45 58 -6 -21
45 21 14 45 -3 66 3 -20
-4 -22 -8 41 127 -2 -11 -28
46 10 -2 -5 16 31 31 2
19 43 20 66 3 91 32 49
77 39 18 -3 50 -46 -3 71
10 50 2 3 4 10 1 27
101 36 -16 42 60 -13 34 11
-23 20 -31 17 -4 16 -44 21
-24 19 16 5 35 35 28 66
27 4 -8 40 6 41 48 17
32 71 30 71 17 -21 11 -3
79 42 26 66 39 23 42 63
-6 -34 34 61 46 -48 49 32
57 67 48 -32 39 30 24 44
53 26 37 59 23 31 47 -2
-5 48 44 47 -1 22 4 -18
-36 7 -32 43 -4 -1 40 49
4 -2 46 40 48 -39 35 37
7 56 10 21 57 88 55 18
49 48 49 71 46 31 38 -1
8 -32 15 -14 30 22 66 63
0 -27 48 -13 43 -68 16 18
52 -11 100 45 36 -10 100 -5
7 30 11 27 70 53 21 28
32 77 2 43 68 -18 21 11
39 40 -47 56 -13 -8 70 61
-21 60 8 49 30 26 26 16
38 15 94 17 6 31 -23 35
-13 32 -10 39 -3 9 74 1
59 3 53 79 -39 -3 40 86
48 -35 26 15 38 -17 69 97
28 1 56 33 61 52 27 36
-36 -22 18 25 17 54 20 20
18 -20 54 48 -11 -15 54 -26
-10 -78 1 -19 76 75 25 1
22 16 37 -36 17 -17 59 82
42 15 -8 19 -2 2 -38 16
81 -8 40 -17 38 29 59 14
-29 59 20 24 43 58 -28 53
23 26 -36 8 42 48 12 7
68 20 31 76 69 17 61 44
22 87 25 59 -42 14 33 40
-23 44 41 3 5 25 9 20
-14 14 29 38 43 41 1 67
14 23 13 -8 29 20 16 -15
-4 37 49 40 45 55 0 44
-6 -17 60 8 -7 -62 59 19
65 22 13 34 -2 2 -55 84
-15 28 47 69 46 103 24 13
31 20 10 5 59 22 38 74
21 -16 58 -24 31 -25 20 -21
-36 16 63 -39 -12 11 -16 -21
6 12 -5 23 -4 52 8 21
8 -1 27 33 41 42 22 -20
59 -14 35 -43 35 71 -32 56
32 7 -47 16 -54 72 27 19
10 50 -16 17 20 15 81 3
19 4 -14 26 -8 48 -2 51
-14 43 45 -14 0 53 22 -32
86 -5 69 90 37 6 -2 29
-28 14 21 21 -11 46 34 86
2 13 57 -55 28 25 -3 49
-49 4 8 -6 9 -14 9 53
26 27 -6 55 20 27 40 25
37 13 9 45 -32 42 46 12
76 16 62 77 -38 10 -49 1
-34 -50 40 -44 -13 -8 27 65
36 23 38 48 52 73 16 32
64 18 31 68 -6 71 55 11
36 77 68 66 -8 59 66 42
30 31 35 63 -10 -29 2 29
30 38 -7 7 -15 -33 -7 3
80 60 65 56 4 5 -19 45
18 -22 12 -1 44 73 -8 -34
21 23 53 46 29 -8 -78 34
37 -25 66 26 4 26 -4 -15
51 44 54 3 6 13 15 16
38 -8 5 -31 -8 63 5 -3
-50 9 7 40 65 50 9 30
63 12 36 10 -29 48 87 -6
67 -7 44 12 22 21 -22 40
67 45 88 -14 20 49 -24 -2
-48 39 39 -8 24 67 51 95
25 -18 -22 22 45 49 -13 28
-11 19 2 20 27 87 42 -37
-12 -5 49 78 20 37 52 20
-7 64 17 34 38 39 110 -16
-47 22 -4 -33 74 -25 21 -36
-35 -4 49 25 -9 78 22 -47
-13 74 -1 28 28 23 6 -9
28 -3 25 21 87 -12 -8 31
84 37 -46 16 3 -14 57 32
62 58 48 1 16 0 -14 40
31 46 18 69 9 59 1 32
-34 -13 -17 15 26 33 33 -33
37 -38 37 -14 17 41 33 83
7 41 -18 61 -9 19 41 -26
58 43 49 -6 -6 42 10 43
91 -12 38 -7 79 15 -43 98
9 110 12 4 -11 17 13 25
16 -24 41 2 -50 23 -18 41
43 -32 -24 46 -35 5 70 118
30 36 9 -16 16 2 4 16
68 19 26 40 49 -16 -17 9
41 -12 72 45 15 2 17 35
44 -20 58 105 23 -23 -6 -6
23 20 -8 16 50 44 -13 -26
28 45 -3 12 19 6 61 33
22 61 -4 69 63 58 18 2
-37 13 -26 90 46 16 28 43
33 15 65 -16 60 95 11 -10
59 -33 -36 8 -24 37 22 10
-5 -43 37 94 30 0 -22 93
46 34 4 22 50 -5 22 32
28 31 51 -5 49 6 -68 -10
14 48 9 52 25 61 -16 -1
57 63 23 -13 52 -31 114 32
1 4 -10 33 77 86 33 -3
32 69 28 21 40 44 9 95
-37 4 20 72 8 8 10 24
31 17 35 -14 -7 17 -61 50
-12 25 56 -40 3 8 33 5
19 37 9 6 5 -6 50 33
37 24 16 1 62 20 4 -4
14 15 -18 40 93 -40 15 36
22 6 54 -7 17 47 5 22
16 9 35 -13 -33 -7 53 -22
61 30 -45 -7 33 28 63 39
-4 -26 19 5 -16 -56 -14 21
53 32 48 66 17 29 56 23
-1 23 59 18 -23 -13 -3 3
24 66 48 65 -18 17 -56 -6
29 -26 2 11 -2 69 7 58
22 -32 46 35 -19 17 38 7
27 -39 57 46 -44 -20 -13 20
48 28 35 42 42 66 18 25
27 -20 61 38 24 7 16 34
-4 48 22 -39 44 42 -3 39
54 37 52 91 27 0 4 8
-39 -19 -7 18 39 19 -3 32
-13 25 18 -5 77 36 -8 -29
-13 116 23 25 17 39 27 57
-42 -41 55 26 106 26 33 88
-68 -1 11 50 -40 -13 51 4
72 35 42 19 42 64 -30 11
4 11 -49 9 57 -14 10 25
5 52 42 28 13 7 -11 0
44 41 41 13 37 55 15 5
29 31 6 73 22 -55 75 0
6 71 -24 9 9 35 30 62
4 31 57 31 20 9 50 -19
37 -72 19 47 24 20 27 46
24 -1 17 -53 39 23 14 -12
62 3 3 -14 -30 8 27 -7
-1 11 18 36 24 42 72 -13
9 -1 22 -28 -47 -4 5 87
12 69 26 24 9 2 -45 48
68 35 4 38 -3 -22 34 8
-39 -11 47 -34 1 12 9 46
4 11 -7 -1 19 18 80 24
59 13 18 2 75 22 79 39
-47 37 3 -1 -1 50 -5 68
35 96 -12 81 37 -43 -10 -7
11 53 59 26 3 6 27 -43
29 -8 22 23 42 29 -9 -29
50 35 44 -11 46 44 -33 -2
43 0 34 54 51 3 3 9
-20 49 -76 44 -48 55 104 40
-21 54 7 64 30 -9 49 -4
71 7 -8 -46 -41 53 35 61
-8 -27 1 37 -30 27 -22 40
28 36 68 100 56 -62 13 18
37 -11 82 19 -34 -49 30 37
17 40 10 67 47 40 18 30
0 -18 33 15 68 -17 49 71
-1 51 9 64 57 7 -24 16
50 39 -13 21 25 -4 26 26
6 69 29 -4 -6 10 49 73
23 18 18 2 -6 -10 49 -22
15 18 8 36 55 84 28 88
41 17 16 -33 57 92 72 6
38 32 7 -28 46 16 -10 -24
25 69 66 -8 -7 -22 15 42
46 -10 63 -21 26 32 9 38
37 -7 26 -17 47 66 41 -22
-34 81 24 52 -12 29 1 28
29 38 -25 28 8 18 7 25
-4 -20 -12 16 25 20 -36 26
-25 29 13 -19 16 -37 15 68
73 52 32 38 -12 -23 60 68
26 114 -22 -14 52 43 -20 11
23 67 31 34 82 -20 36 4
55 48 15 23 18 50 -25 66
16 14 44 -11 51 18 90 72
47 -15 24 61 38 27 61 -13
20 28 14 24 56 16 -36 9
36 29 -21 11 96 44 38 72
30 -11 19 22 47 39 37 15
-45 20 49 -20 -3 8 34 58
76 -9 -10 38 21 35 28 -10
21 30 115 34 14 80 37 -25
37 51 54 -1 66 2 17 15
-48 45 -18 -4 6 34 24 67
34 -1 -14 51 34 6 37 14
0 47 80 12 70 46 31 47
59 57 -37 16 -15 -43 91 -24
52 19 -12 2 41 26 21 -3
0 32 45 33 5 -7 31 19
6 50 32 33 38 35 -9 28
36 45 43 44 -7 36 28 -26
14 -2 57 92 -8 40 -42 51
25 -13 57 -16 -15 -1 -60 40
66 61 77 47 51 60 31 48
-3 20 63 65 47 55 -41 -18
-6 -1 20 28 -23 -23 44 47
-10 -3 33 13 23 18 69 -2
23 34 4 22 25 24 5 38
102 68 8 -6 22 53 -32 1
83 11 6 43 -8 -45 -7 37
17 -8 -10 14 60 34 -1 10
72 48 47 59 36 -11 71 16
5 41 83 41 4 6 108 29
87 80 49 -14 8 64 45 26
3 -45 -5 -2 38 -19 62 30
-9 16 16 16 -15 52 26 22
46 -25 68 64 47 3 1 34
45 11 29 22 -24 -19 52 -17
-9 23 -25 -6 4 28 50 22
13 26 -4 52 40 -1 50 8
30 57 16 -48 22 26 67 19
58 62 70 2 -57 28 39 -4
58 0 -20 10 22 38 70 23
-2 -35 56 51 71 43 -11 51
42 -40 48 8 -9 7 -17 -30
-34 -15 -17 33 31 62 43 79
53 15 31 25 -24 26 23 48
61 -2 8 60 40 3 10 29
3 46 28 -1 40 -1 84 56
39 4 31 108 24 85 29 16
21 -51 9 45 10 -13 26 24
50 30 55 41 -2 -11 23 25
73 -14 52 -25 1 2 -31 85
59 32 6 50 18 -14 -14 -1
30 51 -11 83 54 -18 -19 4
22 -34 16 11 -15 -3 52 0
4 28 63 8 -4 37 12 57
26 13 54 93 14 18 26 -12
28 -4 49 76 29 -4 44 68
10 -5 56 86 41 28 -32 -1
48 24 26 12 48 26 75 17
-43 -31 -17 -42 8 39 29 31
71 36 71 16 45 48 64 12
23 -6 -47 60 68 74 44 57
25 35 52 24 27 35 -15 79
17 24 12 -42 69 0 35 11
67 -3 35 62 39 16 -21 -10
58 -25 42 60 32 49 60 -26
-5 45 81 16 23 21 39 57
49 -23 23 23 34 58 1 67
-26 11 -53 63 25 66 50 84
25 -2 -11 -24 52 43 32 27
17 -27 25 66 36 19 17 30
-5 33 36 30 40 26 28 31
-8 32 15 -7 23 32 4 13
50 -13 15 17 0 20 33 30
-7 14 75 -23 39 18 39 -32
17 10 48 113 -13 4 36 37
47 -24 52 -14 -47 28 -30 26
27 39 45 -10 36 88 41 64
-17 69 38 34 -23 61 41 -24
43 23 3 -40 2 78 -14 0
35 3 -8 -50 75 24 6 35
54 40 4 43 24 22 36 -26
23 61 4 25 53 -29 40 -48
46 -4 33 55 29 57 39 41
16 22 -17 50 -54 1 -20 8
27 29 -5 10 31 52 -17 20
-4 8 -17 72 42 10 9 58
28 19 -53 17 22 12 49 -14
40 0 62 45 31 37 18 14
18 22 78 46 14 17 44 9
69 17 -6 57 -13 61 4 16
12 33 23 0 68 -23 11 42
17 30 -23 75 37 7 -10 39
11 -3 -4 -38 46 -9 18 40
3 45 11 -16 -13 24 6 26
34 24 37 30 11 0 15 20
-34 7 -2 27 77 13 19 41
112 3 -15 -26 25 37 42 -41
53 17 72 64 31 33 33 42
-10 -20 65 30 11 -14 16 87
37 29 30 -4 -31 -19 6 50
45 -12 46 -25 22 1 18 47
-83 73 36 24 54 29 -18 -32
-17 67 -2 -3 80 34 -7 21
13 -5 -16 27 32 37 45 49
-20 20 81 -5 10 -41 65 -9
18 19 82 30 -32 27 76 4
-11 81 21 56 -12 -7 -27 55
26 27 35 40 13 49 -38 -1
-14 32 31 10 38 18 15 4
43 38 2 -3 5 -23 28 30
-25 11 -2 18 37 49 -9 -20
16 18 62 23 -28 10 60 -11
6 13 -10 1 10 -9 8 93
71 -27 -8 -12 19 39 36 10
30 66 32 -25 67 3 -8 18
-20 75 -26 -61 24 50 49 37
67 -2 27 13 -30 9 1 -39
34 27 100 54 31 -3 32 -9
-38 -13 78 9 53 19 34 15
-24 47 39 51 14 38 37 -11
4 57 15 35 46 78 26 42
2 7 27 30 -7 48 41 41
-6 60 -41 61 9 89 82 40
-21 63 79 14 11 27 15 -18
77 65 64 59 2 22 29 24
50 60 57 98 -23 15 45 68
43 -2 25 58 33 24 51 22
54 -2 -5 12 108 27 47 46
16 -1 17 79 54 42 34 90
-13 72 51 15 2 0 63 25
5 -27 82 17 23 28 -19 7
38 14 86 51 29 10 45 79
-14 20 45 57 23 9 14 19
35 69 12 27 73 55 -23 36
38 56 30 95 61 21 25 5
36 11 -6 82 66 -47 36 -4
37 5 32 14 -7 20 43 14
25 10 47 32 -21 37 5 22
-45 72 31 -7 -5 -25 35 -2
-28 -9 81 43 12 40 76 -19
57 0 -8 -2 -4 -19 20 42
-8 20 34 56 41 41 29 48
22 -78 40 17 27 2 12 55
-13 44 -42 -16 75 -12 -2 -9
15 17 -1 49 18 -1 28 32
6 13 11 -11 33 10 9 14
63 31 42 44 32 17 -4 32
39 22 -14 79 63 31 28 -6
18 19 -13 44 1 29 8 59
21 41 32 63 10 49 10 17
31 24 39 7 42 32 -18 16
-29 -28 16 54 28 -2 59 45
40 -29 17 1 5 51 -28 -27
6 -41 9 -9 61 42 12 4
25 53 58 52 -12 85 117 -2
82 47 24 39 84 -28 47 52
-19 52 32 54 12 42 -2 76
1 -20 -12 32 57 33 -21 36
1 10 28 -1 22 30 71 9
-22 22 78 22 9 46 6 4
-2 56 88 36 13 76 3 -30
73 26 13 13 -2 50 6 71
93 -23 -6 17 -9 -22 18 22
78 32 43 25 27 76 39 -21
5 23 77 -74 28 -10 -9 39
65 -1 11 61 82 -16 34 -43
10 67 -22 19 14 17 52 -16
48 -17 65 -30 -17 52 -34 28
-5 0 0 -23 19 95 35 -27
-22 19 -20 -30 52 71 37 23
3 12 -7 16 20 2 12 -16
57 57 10 18 17 23 10 -12
44 -23 72 32 70 -13 33 2
-54 14 14 -20 -3 35 2 17
-19 -18 15 102 54 -9 8 41
33 -2 -1 14 -19 23 34 11
3 48 39 -14 -18 48 6 15
-9 56 54 -40 -12 69 -24 -12
81 16 40 -6 -1 -17 40 -26
22 47 8 -2 -5 33 17 67
70 19 -16 48 10 4 18 23
17 58 35 33 40 80 9 -1
-62 35 42 72 34 10 -13 -11
21 53 -58 24 8 20 20 96
41 -10 84 -6 58 55 -10 -3
-18 49 25 89 65 43 3 16
41 41 8 64 9 -36 23 79
26 31 -26 7 -42 29 45 20
6 -55 22 33 51 40 12 12
28 39 42 24 56 -16 10 49
77 17 38 37 6 51 30 23
27 13 17 -37 0 -28 24 -20
67 60 -5 -37 51 20 21 -23
50 55 56 -5 -41 -8 -22 58
42 14 53 -1 24 65 68 -17
44 30 43 35 -2 -14 60 56
35 60 -44 26 2 59 29 16
48 -23 -24 42 40 21 18 10
49 17 -11 17 85 1 -15 6
44 16 90 -2 10 54 6 -9
47 -23 11 76 46 20 26 41
2 -13 38 14 18 59 47 53
39 -57 66 71 25 71 78 35
67 50 43 15 36 12 22 -5
51 11 69 28 0 14 33 -39
12 36 17 -63 9 64 7 15
41 17 15 -16 46 13 33 0
37 25 27 -92 14 32 -39 47
-4 67 42 -5 17 18 -6 -51
28 8 0 57 67 16 34 48
57 15 45 -8 9 11 32 5
23 4 81 23 27 32 7 63
72 -24 67 -15 57 52 11 4
39 61 2 54 43 26 34 -59
57 18 29 26 29 4 27 72
65 -11 20 -8 10 14 8 11
-9 63 80 60 77 -8 22 14
-5 50 38 18 -26 58 -3 3
27 52 -9 29 71 15 32 40
99 -15 56 12 18 23 13 69
-28 13 31 -32 57 62 30 49
21 71 90 -38 9 38 2 -19
24 -32 3 -21 -52 60 8 24
9 20 -19 -37 -12 -20 44 13
16 23 34 -18 24 -3 24 74
75 48 -29 28 24 -28 33 37
75 13 0 46 -34 31 29 77
-20 4 27 32 56 -6 30 18
-13 -21 48 -4 5 42 106 96
0 21 11 7 24 50 3 36
38 14 60 26 20 61 19 32
54 63 29 -3 30 43 -12 6
10 46 47 71 66 -8 -8 -8
-17 9 20 26 95 2 14 0
0 57 33 99 -23 38 -40 -10
58 18 69 10 41 -22 8 9
-6 49 10 53 12 42 97 -22
76 13 20 -2 20 19 -40 28
18 32 27 35 52 94 15 -20
15 -55 26 58 18 -20 13 22
11 17 41 66 -18 22 73 22
-42 -5 -2 37 -6 -5 -42 -7
84 7 12 17 -1 -3 27 -1
37 1 91 0 1 56 31 -45
13 24 51 29 34 50 26 71
-29 18 5 -5 58 20 29 6
35 3 23 -4 15 98 51 21
-9 12 35 -31 41 42 1 35
16 45 39 -13 12 33 46 86
