5 38 47 35 14 -20 -4 37
-77 -13 -1 -5 -26 -24 12 -54
47 66 -18 31 -30 -9 -82 56
32 34 -11 -26 -37 -7 22 -3
-2 46 -12 -24 -68 19 7 -40
-59 -27 16 -24 -66 -17 -20 -40
-28 1 4 36 1 -19 -15 -55
-9 33 -30 20 65 14 7 -36
38 2 -28 -27 -19 34 59 55
33 -29 27 -1 2 -21 -32 39
-13 -40 -16 27 14 11 2 -39
35 -34 36 -25 21 -13 8 -23
-8 -41 6 75 -20 -28 -9 -16
-25 -23 -67 -37 -1 49 63 -11
-21 -6 -8 -6 -9 -55 4 58
-19 19 -42 -58 32 25 -24 18
20 -3 16 28 -14 57 -8 -24
40 -41 -7 -17 -42 -14 64 -2
16 -8 6 4 21 -32 43 -46
8 18 -11 -4 -34 -43 32 -39
35 -25 22 -25 -66 4 9 -13
0 -31 -17 -48 -3 -67 -33 -2
-37 -37 3 33 19 74 -53 67
-17 -2 54 -43 28 27 -68 6
45 18 -34 21 65 -7 34 -28
7 -15 -26 11 3 -22 -21 21
-19 11 -62 -27 -26 16 -64 1
-23 -3 -11 -18 7 40 -38 48
-10 0 8 2 -51 9 26 -27
54 -17 -9 -34 37 7 17 21
6 15 -13 -28 -27 -28 21 -24
-26 8 38 -24 35 -5 -27 -17
37 16 -22 -4 -41 30 -4 -27
-4 -40 13 22 -29 15 64 -34
-23 -44 12 -70 -6 9 44 -35
-29 29 14 5 -23 -27 -39 -2
-59 6 -25 6 11 37 -34 -50
27 43 -35 34 -32 -30 -15 31
25 16 7 23 18 -9 -4 -19
-23 -48 8 15 -7 -10 -17 -14
6 7 6 -2 8 -49 28 -39
-28 27 48 -3 8 4 -10 2
-37 -2 39 -6 -37 -5 25 79
-40 -24 -6 -18 7 -48 -1 5
-29 45 -32 -16 -5 -18 -9 -33
14 30 -20 -16 16 -24 51 -50
-10 48 2 -27 7 6 -65 -20
-58 -19 -40 -84 -33 2 6 73
36 -6 -43 -35 23 -25 -3 -44
21 13 -19 -39 9 -24 23 10
7 0 35 22 -67 -65 -36 33
-10 -7 3 -36 -21 49 56 -35
-38 27 -25 -15 45 8 9 5
-49 -24 -20 -23 31 13 19 17
26 -1 -29 12 9 20 26 42
6 18 1 3 -48 26 -35 -3
-43 -24 59 -21 30 -60 -60 12
9 5 4 -12 22 -18 56 -38
-25 -15 -28 22 1 -69 43 1
-6 -61 16 -19 -10 27 0 -10
31 -16 -2 0 -56 -1 21 -9
0 27 47 -28 -13 5 -17 52
4 20 -12 -15 -29 -39 32 -26
35 33 -27 -26 -2 -16 3 47
6 -5 -2 48 9 -23 14 14
-7 0 38 3 -37 -4 2 9
16 -14 28 -17 26 -57 -55 17
1 44 -58 -61 100 12 16 -16
10 -22 6 39 -20 20 -68 31
-66 -38 -24 17 -68 5 15 -30
-3 -14 -16 -37 16 3 -33 -12
13 1 -27 -22 27 -17 -23 26
-67 -1 -2 3 32 -76 -12 40
-29 -45 -56 60 -15 -9 -36 49
16 -24 17 9 -40 -3 39 -45
-25 51 -1 35 -61 3 16 1
-29 11 14 -44 11 -8 -15 61
37 20 16 33 -16 -18 28 23
-4 -29 -46 -54 -17 -42 20 34
-21 33 -61 -16 -28 30 -34 9
-39 17 6 10 -26 20 6 -20
-36 4 6 1 -17 -34 2 -57
21 23 -22 -4 -12 -23 9 -75
-32 42 -31 -8 -2 3 41 14
-58 -28 19 12 -28 -9 41 -7
-18 10 14 -54 1 16 23 55
7 33 26 25 -54 -21 -19 4
16 -38 -56 -10 16 -25 3 3
12 18 -8 -42 14 5 -28 95
-5 -24 -2 -1 3 -19 -33 -53
2 0 11 -17 -9 31 38 -34
3 -30 -4 -7 19 25 -47 31
-13 45 5 24 -6 -24 24 -36
12 -29 -49 -18 -5 -36 0 -1
-5 35 -12 54 15 -20 50 -12
-57 27 0 10 -29 -14 -34 -14
24 12 42 -5 13 -36 0 -28
-4 -41 30 11 -12 4 21 -23
32 -49 28 46 50 -35 28 -26
6 19 21 25 17 26 38 -24
-44 48 1 54 41 -63 -13 34
22 -28 6 -45 -15 -32 48 20
-29 37 -8 -28 23 29 22 -40
-17 59 -45 -11 -1 -24 -49 -4
-27 33 -28 21 25 -41 34 -28
6 -73 104 32 -78 32 -44 16
3 -3 -34 30 12 -10 -42 61
21 40 -16 -34 -11 4 10 44
-94 0 19 -3 -52 3 4 44
8 50 -40 -14 -13 16 44 9
-22 -9 25 21 -46 -8 -25 5
17 -8 -32 -4 34 -15 -1 -23
-33 -32 -63 64 8 -64 -16 15
39 45 -13 12 37 17 -15 -27
-17 -20 49 -17 39 -21 0 -3
8 38 -23 -18 -1 -8 -42 24
9 -39 -3 13 39 4 -7 -17
13 1 -10 -28 0 -21 8 5
21 42 11 39 -2 62 -13 -16
8 -39 42 32 -18 -26 4 -55
51 7 46 -11 -27 46 29 25
58 -2 -30 -41 10 -43 68 58
27 47 -29 67 0 3 5 -104
-46 -35 -12 -53 -56 50 -70 -24
5 -2 -41 -65 23 -6 52 5
-31 64 21 -19 -40 -45 -11 31
33 -21 49 5 -45 11 3 40
9 36 45 -88 23 2 -12 7
30 -88 -8 10 30 2 29 -52
-13 29 -51 -5 -23 -38 44 60
-22 -10 -51 -17 27 26 27 -25
17 20 -13 23 36 -1 -59 -16
18 42 26 -30 7 -32 -13 -12
11 29 24 -2 -37 -32 -63 -5
-37 -11 9 -65 -5 36 -22 -75
0 4 74 -68 -38 18 -38 -75
33 9 -32 16 -17 34 -11 8
32 47 -11 -34 10 -47 12 -5
-38 -8 -40 11 91 1 4 16
44 -55 -32 1 -7 -8 -14 -5
-16 -25 8 -10 -54 -33 16 -64
-47 -32 -38 -16 40 8 -2 0
-2 19 -9 11 29 49 -27 25
10 1 -23 31 49 12 39 -40
-17 -3 7 -17 -45 -63 -46 21
29 -22 -42 6 2 17 20 4
-13 23 18 -67 -49 12 -18 -41
5 66 -6 8 28 23 -8 -23
-15 13 43 20 50 -19 31 28
97 -29 22 28 -9 33 20 34
-21 15 -20 -16 -5 1 22 52
-88 -33 -7 29 23 13 20 25
-17 -35 65 25 -10 -37 19 -14
35 42 -3 18 28 -17 44 -31
21 -90 5 -12 10 -26 -1 -7
6 9 -12 -51 -20 -25 12 3
8 10 -22 -16 17 -45 36 49
26 4 47 -27 -5 3 19 2
-88 -9 3 54 -13 -15 38 38
-48 -2 -30 23 -11 81 -7 -26
24 -29 -9 -39 -28 16 -13 44
-6 -46 27 -41 -7 -11 -48 -28
-7 15 -20 73 31 -50 -6 -27
-40 8 -18 -11 67 -13 -16 57
28 55 -88 -2 15 -62 -14 -4
-50 -49 11 -15 -38 25 75 24
7 17 13 -47 -4 30 15 -32
11 -11 -45 -20 -31 13 -58 -32
22 33 -68 -21 6 -2 7 3
-29 -1 8 40 21 49 -44 -28
-17 -55 8 -30 -10 -12 13 -60
6 14 35 11 26 -11 7 -29
-5 -18 32 -18 11 10 -18 38
-6 1 5 33 -26 -62 -32 -13
2 26 26 -34 14 -6 -31 -75
20 -13 7 -24 66 -8 -23 -63
10 -4 -10 -32 -61 1 38 25
-26 -23 -14 -12 54 0 4 23
-44 75 77 -52 35 -60 41 -4
32 17 -43 -42 -10 18 -27 -21
-3 14 44 -5 63 7 -22 23
33 -34 -50 30 19 -52 23 2
-24 14 43 1 11 22 21 37
-32 -31 41 38 18 12 7 24
-56 0 6 34 13 1 -1 -27
16 31 -34 19 39 -55 -15 69
-27 -6 29 41 41 57 5 -16
22 34 35 -15 -23 -45 20 2
2 22 -23 21 30 -14 57 32
18 -16 -78 24 27 -7 11 43
-27 1 3 -21 7 -76 -57 0
41 -26 -42 16 -61 1 -19 -14
2 -16 15 -29 53 28 54 13
60 4 8 -42 13 -9 51 -33
-11 -29 -22 -47 44 -16 4 -25
4 3 -26 26 -27 -8 17 -38
-5 25 -14 -7 6 -17 23 -19
-16 -1 44 25 -3 50 38 40
35 -46 -54 59 -3 54 -21 51
20 -9 30 6 39 -60 -45 -17
33 -34 75 -38 -34 10 -45 -50
-52 20 14 -28 -12 20 -41 16
-12 -41 18 -15 35 5 -54 85
-77 -10 -11 67 -16 33 -8 -26
-47 -11 -26 5 -11 33 -15 31
23 34 49 -56 4 -6 -4 -5
11 -11 -46 -28 10 -21 6 46
-17 -59 -56 -18 12 48 -9 -27
-3 -48 7 63 -26 15 59 -30
37 -18 -9 -20 -7 -23 -80 10
8 35 -27 18 -6 -11 -5 9
-7 -1 -4 41 14 11 -15 -16
-5 34 -4 -39 -4 22 -33 5
-34 -27 37 -76 -53 15 -51 -11
33 27 -24 -5 -31 -7 10 -7
5 -5 18 15 -32 -10 -7 23
-21 8 -8 -4 2 -3 34 -28
-22 -17 -13 -28 39 -26 8 -42
21 42 -4 -25 -46 -14 -28 28
-5 -10 7 20 33 20 -51 7
-17 15 3 0 -46 -10 -2 -17
5 -32 -2 -2 -7 10 -60 -22
3 38 21 2 8 -24 66 28
-41 29 66 38 -59 -2 20 -7
-40 39 14 24 -40 -23 67 14
-15 70 38 -25 46 12 -61 0
-5 -36 -48 50 -10 -15 -13 -13
-8 1 10 69 25 21 -17 -48
36 -12 27 -4 -23 -2 -16 -15
34 14 12 -37 114 62 -4 17
-69 -41 1 -17 -39 44 3 6
7 -65 -19 -57 -12 23 33 27
0 -68 -28 15 14 47 -8 -6
3 -55 -2 -1 21 17 -15 -18
-37 22 22 -34 -32 18 16 38
-32 -18 -9 35 -17 28 19 -24
35 17 34 43 31 53 12 14
12 -2 -47 30 -32 7 -34 -16
-21 32 -13 11 -49 43 57 23
-54 34 7 -28 -12 -35 46 32
20 25 10 10 37 -23 -39 19
39 22 -13 47 -12 33 -26 -2
11 8 14 14 -41 -54 -50 -3
23 9 30 -12 34 -2 45 29
-37 -21 -26 -10 -30 53 -64 4
-66 17 -2 -84 52 0 -6 -16
36 1 7 -3 39 -11 3 30
14 4 18 -15 -12 -19 13 -32
12 31 -17 -49 14 1 -14 -51
-83 2 60 -6 -12 24 2 1
11 17 -28 -28 28 24 -33 -23
-27 -25 15 17 -1 30 1 14
-43 -27 -9 -13 -80 67 -12 35
19 2 -37 34 56 -2 20 -2
33 -16 15 16 33 8 8 -21
-36 6 17 -9 55 28 -77 7
-30 81 -20 -12 29 20 -1 13
16 -65 7 -29 -37 -23 -40 -26
33 36 -8 -14 63 -5 12 11
19 37 18 -9 27 -5 31 11
-23 -34 -26 73 13 -14 48 50
-39 9 -39 2 20 25 12 51
6 -7 -26 16 -30 -9 57 -15
-13 -44 39 -34 0 34 -17 -16
49 -29 6 -47 34 -25 0 49
38 0 -15 45 -16 -54 -28 -10
-24 -30 18 -19 6 25 1 -25
-22 -13 53 13 -13 49 -10 5
-16 12 25 61 7 3 40 -51
19 3 -11 -23 18 5 10 30
15 -49 30 -48 -8 -9 -6 -21
-10 13 -21 48 2 9 34 40
11 -18 -23 4 -12 -2 0 -9
0 31 -23 7 0 -3 -26 -22
-5 -6 -3 -15 -19 75 27 -35
-2 -51 37 -20 -16 -62 2 65
13 16 35 -32 -54 -22 49 13
-35 12 10 -57 19 -24 -7 -9
-41 3 -17 -38 -2 2 -45 -29
27 14 -31 -29 10 -72 37 -17
-57 1 -2 23 5 -37 26 44
11 27 0 -46 17 -43 -17 30
-5 -36 -15 -10 -59 -13 25 -18
-4 -5 -30 -18 4 -1 -3 -9
41 -6 -7 -31 12 -14 -23 3
-6 13 -9 -10 -16 -49 11 -37
-26 -27 -9 -5 21 11 2 -7
-23 8 -29 -15 -71 8 -8 -27
8 -4 -1 16 -50 -25 46 29
-28 -43 44 -34 7 -67 74 -23
3 27 -12 13 -3 -77 5 -24
40 33 -17 24 -25 -36 12 6
32 24 -7 -14 20 -15 42 -7
-11 -10 15 17 -30 0 46 56
3 23 -43 1 31 8 34 27
-60 -10 13 5 45 -50 59 10
0 23 30 -12 -15 86 33 -13
-11 15 21 -5 -21 0 -11 24
15 1 36 -39 6 1 -34 -39
-38 -61 25 -30 7 4 -35 1
-7 -28 -17 -5 -24 48 31 2
17 -37 56 0 80 -28 -14 -1
-10 3 -38 9 -17 -69 -9 -10
24 -81 15 -21 -38 -4 -34 2
-7 -5 -16 -29 1 34 45 -61
0 -4 -21 21 12 2 6 -16
-5 9 25 45 21 -18 -52 36
-25 48 29 -50 -25 29 -27 10
37 4 -48 -4 -20 39 31 -9
-12 11 -37 -6 -23 66 -7 -24
-15 -2 -1 -42 -44 32 40 45
-15 -19 -36 -33 -8 -18 -48 -102
-27 17 8 -14 7 -54 34 -21
14 18 16 -7 31 -26 -20 -21
-33 5 -27 -6 -37 -8 35 -12
-59 19 -33 -1 13 12 -77 4
-31 29 -24 -29 -45 -76 30 33
-14 -7 -15 -10 55 -51 4 -5
34 -9 1 -16 47 -14 -21 -27
-4 -6 -21 24 17 47 -3 17
5 11 -3 36 17 28 1 -39
20 83 2 -3 -45 -13 52 -10
-47 27 -25 -25 -20 39 -66 -58
10 -37 -3 -2 88 -40 50 -30
10 34 -17 -14 26 -19 41 -30
15 36 -25 22 15 38 8 -25
-37 -26 2 -9 -12 8 55 34
5 70 -25 15 -37 -32 46 10
14 6 -25 27 -4 -20 18 -17
-20 -55 -15 23 -44 40 -21 -39
-6 48 -27 38 -29 -42 -21 4
28 -1 12 -13 -20 -14 44 89
5 0 -15 56 -1 -30 10 -63
0 24 -38 31 51 30 4 8
-40 -14 36 44 7 13 43 -9
7 -40 68 -28 7 19 42 0
32 -27 23 4 19 49 -42 25
-35 -38 9 -77 -6 46 29 13
-16 -46 -67 -32 25 -36 3 33
57 -17 -12 -39 19 13 -15 39
-20 0 -15 28 -74 43 3 12
-15 -23 -12 87 -9 29 -11 -37
5 0 -3 43 0 33 47 6
-25 -8 32 -30 14 -39 44 -12
23 5 -4 5 46 -46 -45 -35
14 7 49 34 8 -28 13 28
-8 39 -31 -39 -6 46 -3 34
33 -39 -12 -20 -38 2 -40 -28
-52 57 -18 59 39 2 -52 -68
27 -5 -5 -45 15 -2 -61 -1
7 15 31 34 4 23 -28 -5
8 -13 40 -51 17 -4 -23 32
-54 18 12 12 -22 25 -35 -73
-38 -26 -35 -67 -4 1 45 -12
-22 3 51 57 -33 41 30 -45
25 -32 -35 -31 -30 -46 53 -34
-1 48 -41 9 10 -8 -35 -43
9 20 -13 29 56 -36 -35 33
-7 -19 0 23 -3 11 -11 1
25 -18 28 -34 -26 8 -10 10
-60 14 -4 7 -1 4 23 25
37 63 49 18 -42 17 -33 -101
-15 11 -28 10 -36 49 -46 -27
57 -39 19 -46 1 3 7 41
18 -29 -31 32 4 -25 -10 -17
14 16 6 6 -32 -7 -49 -1
-32 -11 -37 -15 -47 -46 -57 -8
11 24 -13 -10 19 7 36 -6
-20 6 40 -7 -11 -15 36 7
-10 34 28 -58 36 -35 21 -48
41 -29 14 32 24 38 -20 -33
-27 -17 -3 -13 48 50 31 14
-55 -19 19 31 35 1 1 3
-65 -13 -49 -63 13 -15 -17 40
19 -2 -11 -50 -12 -27 1 -10
-7 -11 -3 13 -46 -9 -13 -7
-25 18 0 12 59 17 -14 -10
-13 8 47 46 -26 -4 46 3
-12 -10 21 32 6 -1 -23 30
4 -5 -9 9 13 -40 -27 -26
8 -10 5 -6 23 -23 -9 -15
-66 -8 24 -4 41 -59 -5 -22
-31 30 7 -78 -28 -30 -47 1
-29 -20 -16 -36 -31 -21 -4 -8
23 -36 -10 11 37 38 11 -31
40 -32 -23 29 -43 -51 -14 -38
37 -25 5 -28 -26 16 16 -9
29 26 -24 -40 5 -43 -20 24
0 52 2 6 14 13 -10 15
14 -45 1 8 3 5 -13 29
30 23 -33 -26 3 -31 -20 13
-10 -13 11 -16 58 5 -9 52
0 50 -48 -33 10 2 6 -3
30 17 -13 69 26 -32 14 -53
-73 54 -19 41 -15 42 21 21
-15 -14 17 -53 -12 49 27 -16
-33 -49 25 -17 23 -29 13 18
-68 -21 -85 9 -9 -23 -15 -26
-16 -24 52 19 -20 -16 -45 -23
31 81 2 -11 36 15 5 -6
13 40 8 -12 -1 -16 23 37
0 31 10 -17 25 4 67 14
4 9 -13 -32 -27 -74 25 -17
-18 -16 48 16 -49 18 61 1
-4 13 -57 -41 -10 -4 -57 28
-26 57 6 -48 36 3 -69 -27
63 -48 26 -21 27 55 -39 -3
-19 -5 24 44 -1 29 -35 -4
10 42 40 -6 -9 -49 45 -33
-6 -9 24 -98 -8 -25 -42 -13
-20 5 31 -50 30 0 37 -1
16 66 -44 17 6 5 7 -29
28 13 -14 46 3 -4 2 47
18 23 -20 -5 -7 -18 -30 -27
-54 -20 -62 46 40 -31 -14 -24
-46 1 -14 -17 26 -22 -12 2
-57 22 -20 -42 -10 18 6 -47
14 48 5 3 -17 -16 16 4
-46 -45 29 -22 41 -34 18 18
77 43 -47 -27 8 16 -27 -54
33 -13 -16 -52 -4 44 -43 -31
48 -16 2 -1 -67 47 -14 48
-30 -8 -18 -19 -58 35 54 50
-47 -8 -19 -9 -27 40 -50 86
18 -9 -46 -51 -31 22 -24 -3
55 -49 -17 -2 -33 -12 9 21
3 8 -13 -29 7 -40 22 -15
-15 69 -16 40 -76 32 34 29
-55 -30 -22 -6 16 31 29 -15
-9 31 -4 -22 19 -3 21 -58
33 7 -56 -7 5 47 -32 29
-19 -6 -43 49 -4 -31 18 19
46 -22 13 -13 42 -40 1 -3
-64 -2 -13 -3 -15 31 28 -11
34 16 -46 -2 -15 -40 -5 -3
-18 78 -19 -21 -9 -12 -26 16
1 -37 -1 5 14 26 12 -62
2 -17 6 -3 8 -60 22 19
18 1 -25 -4 -66 10 -10 -18
-39 33 38 -17 23 -10 -19 -1
2 2 -46 34 -64 5 33 20
-21 -1 6 -2 44 -6 36 34
-17 -4 -34 -33 19 -7 50 26
74 37 -1 18 -42 -47 -42 -28
68 -5 -39 6 60 24 47 16
3 1 -4 28 -4 17 28 24
1 27 13 -64 9 -38 -73 -9
8 -17 -19 -35 -56 -40 16 10
-26 16 -104 -13 -15 -75 18 -18
29 8 10 -2 10 -5 21 9
24 -5 4 65 -10 14 -27 18
-26 0 11 19 3 -36 -5 102
14 62 -11 -53 0 -28 60 3
1 18 40 16 -12 34 -50 -8
-21 -7 -54 -18 41 -12 -3 -15
55 -9 2 -56 43 6 -30 19
-9 18 -26 -38 19 -32 43 -55
40 -11 70 6 41 -27 -4 -67
6 29 -90 -33 -6 23 5 -41
21 -68 29 -50 -5 -52 -14 -1
-3 46 2 29 -40 51 -46 28
18 -10 -34 10 1 51 49 14
-10 14 -35 -30 11 6 -33 -45
-1 10 4 -43 2 23 -25 -2
-4 16 -33 -7 -30 -34 -29 1
-66 43 44 12 -16 -19 13 -34
0 -11 -33 -63 -8 63 -49 58
-13 55 23 -9 -4 2 35 8
-19 25 -23 -40 48 -11 -22 -24
-15 -4 -16 -15 40 -27 -31 -46
-21 -5 -11 -40 -29 1 14 6
-37 -39 -42 13 -1 -7 46 19
55 -52 41 31 -12 -60 25 -46
-19 71 47 45 19 -15 -8 -30
-25 19 10 42 -3 -23 -30 -22
5 31 -33 -1 -47 -17 40 43
36 -14 35 -34 18 -14 54 -8
-24 15 2 57 -33 -16 -41 -58
-1 -2 -2 -1 17 -39 31 57
1 -5 33 17 -9 -17 -2 33
23 -15 34 0 -32 36 -15 19
-14 2 -68 -52 -36 83 9 -2
47 -28 -45 30 -37 -42 21 84
-11 23 -23 -4 6 -16 55 -24
-30 4 -13 -33 -15 -57 -8 11
-3 8 -24 -4 5 -22 48 -14
2 7 -72 -17 3 40 17 19
-11 39 -11 -44 -16 95 1 -24
25 -38 -2 1 -73 48 -45 -24
0 -9 26 -25 -19 38 -5 -77
5 -19 11 -75 -3 11 16 -30
28 -32 -6 -12 -6 -16 -3 -5
-53 29 11 13 -21 33 19 6
-4 30 20 22 -15 95 16 29
-24 30 -25 13 2 -5 -34 -1
-14 -1 7 -45 34 16 -37 42
-41 -10 -1 -118 -5 49 41 30
35 -2 30 11 -39 -21 -70 -3
-23 -20 -3 48 9 30 69 -14
13 5 -11 -33 43 -7 -6 -18
-9 35 -46 -28 80 2 15 -16
15 -38 6 -11 29 12 -29 23
-19 -2 16 19 61 21 9 -9
43 -18 11 47 -1 31 -9 18
-8 -40 23 -1 -3 -18 -48 -15
-33 -15 -25 -31 35 14 -41 32
15 66 52 -11 18 -60 -10 -25
8 17 -38 -23 38 13 20 16
-36 -26 42 -15 35 39 -2 -12
1 -42 6 10 40 5 -21 17
5 -26 11 -40 33 14 -6 25
-12 -15 16 43 -14 12 18 -10
-23 -37 16 62 -8 21 -8 -32
-16 56 4 18 -59 -30 13 -7
-4 -6 -15 -31 -21 -7 17 -16
27 61 10 -1 2 -37 49 -6
8 31 -5 -38 -10 39 -54 31
-79 -24 -21 47 -8 -33 -47 21
-51 -20 -60 51 -6 4 28 47
-53 -89 -2 3 -54 15 17 -6
-31 57 18 -39 28 -56 39 40
34 -8 -8 -22 27 -7 -21 59
26 -23 40 55 -43 -37 -41 -1
8 45 4 -59 -5 -22 13 25
21 33 29 -24 15 -63 -23 -12
-2 -3 25 -11 14 -14 -10 49
-8 15 26 15 -55 50 5 16
44 29 -51 -36 -25 -36 -38 -37
26 34 3 3 46 -7 -55 13
16 26 -19 1 16 -28 42 -4
35 -21 -34 0 13 14 14 -2
-53 60 -62 57 -4 -25 -23 -7
-71 23 -11 -30 -21 -6 -58 28
15 41 36 -21 62 -9 -26 13
-34 -23 25 -28 -6 -3 -19 -51
40 19 1 -15 -47 -3 0 -10
-26 56 26 -19 30 -27 28 38
-17 -36 -33 33 23 -30 45 -2
-19 11 10 4 2 45 38 -10
-60 9 99 1 11 24 -20 25
16 27 -26 42 0 16 43 -16
-34 -9 -34 -39 35 38 33 0
-15 3 24 -5 63 33 -29 -11
-34 -23 6 26 61 -6 -65 37
-16 17 -1 -25 -16 -24 -13 6
8 -52 -51 -10 -5 -22 -40 -11
-26 51 -29 -6 -20 22 3 -19
-38 14 55 -18 1 45 -44 -7
23 4 -24 35 -6 -44 19 48
-16 -4 1 -2 17 3 9 -40
-9 -62 3 16 40 -37 26 7
-44 10 -6 -2 12 -27 -5 -63
-3 22 -48 14 -10 -30 38 15
21 58 13 26 -55 -40 7 17
-60 20 -43 2 -23 -48 -35 40
7 17 0 -25 -19 -40 -28 -34
43 32 -24 18 22 -26 -6 0
21 18 -19 60 -8 -1 43 13
31 -4 -14 -7 36 40 14 -21
-11 71 -26 4 17 1 -6 -20
-31 36 -13 -51 -13 -53 45 -36
-30 25 -50 -44 -67 45 -26 -17
-18 13 -4 29 -69 -36 1 19
-19 37 21 -10 -2 -43 37 25
40 -38 -15 -8 22 -62 -3 -34
-14 35 -5 -1 -3 -23 -8 59
10 20 19 -28 6 -7 12 13
-32 -12 -34 -32 -38 -49 -8 50
-28 -28 36 28 -11 19 13 20
-39 -19 -38 30 -12 -22 18 14
40 4 -45 19 -31 -13 46 -7
11 28 -11 -7 -23 2 54 -24
24 -27 19 19 41 -8 -24 16
33 2 -19 -35 31 19 -16 -50
27 -9 7 -54 -1 -11 24 -66
16 -3 -34 -14 19 5 32 -16
-7 -29 -20 0 85 30 -18 54
-23 28 20 13 28 25 50 -14
-6 -14 6 13 -65 9 -9 6
-5 18 10 -12 -32 8 17 -25
-12 -10 12 -19 -18 2 70 -41
-46 -18 -18 22 44 12 -47 8
20 -25 -27 -26 20 31 -15 -5
-35 -74 19 -21 6 43 36 -25
-1 12 -9 -47 -3 -16 33 -3
30 -66 8 -40 3 -28 72 27
-22 -26 70 57 -18 -45 63 -71
-9 -29 -83 -8 -2 29 -49 77
-4 25 12 6 5 -20 45 31
-71 -72 39 8 -70 50 13 -23
0 21 18 70 3 -20 -18 80
-17 -19 5 21 -35 13 -71 -20
-15 -1 -87 18 -18 50 -33 -25
-32 18 -9 15 15 -44 -19 10
-47 41 57 45 -31 9 -27 0
-50 -30 -18 -34 -12 -14 -2 -24
9 -24 -38 10 2 0 15 -19
17 84 -37 30 -26 35 -31 -5
-10 -39 -5 -45 -37 -4 -6 -24
-42 -17 -37 28 0 28 34 -2
-49 11 -63 -8 16 14 -21 -51
15 -24 -30 23 30 -68 -22 21
3 -20 -2 -3 8 -14 34 39
-32 -14 15 -47 -9 -39 -52 27
-18 25 -43 -2 29 -23 20 -39
1 11 6 -60 1 -15 -49 -23
-8 32 -24 -13 -3 54 -9 -22
19 -13 9 -34 -23 -33 14 -13
-12 -14 12 -4 30 13 -14 -50
-26 -37 4 14 32 2 -55 -46
78 -30 9 1 14 -17 -44 59
-43 8 19 15 -41 -14 -14 7
-49 58 14 -28 24 -11 -10 18
6 -10 -39 -23 6 37 -39 40
39 -29 -15 -25 22 -1 -38 28
-16 38 -16 27 -19 -69 2 -69
-17 -23 -14 -3 42 38 -50 5
-6 18 43 8 -66 -11 -65 -28
-19 35 15 42 -30 43 -19 -37
46 10 -7 -15 -3 13 -4 2
-23 7 -11 -19 -2 22 -1 -16
65 -88 -29 -17 -25 -15 -25 -79
-12 35 -18 13 -18 -39 -51 12
-7 -6 -36 -68 -50 53 -47 19
5 16 61 17 -9 9 -28 25
-84 34 -27 1 -8 39 -24 -2
25 41 17 -3 -8 -60 -1 -9
23 26 -1 14 7 18 -30 40
-96 25 6 27 5 9 -26 -34
-1 0 -5 56 -19 36 25 1
-27 24 -7 -12 -17 -3 -35 23
9 -4 17 -12 -39 -27 -15 -36
-16 9 -8 30 -50 -21 13 18
-15 2 28 22 -45 -8 5 31
-40 -28 12 -14 -3 -15 -35 25
-7 19 -12 20 -6 -35 17 23
-6 -27 41 12 -26 -10 60 -10
11 39 16 -59 -10 -72 -128 30
-4 -8 -8 -46 50 -6 -10 48
-37 69 -19 -65 -3 -34 -4 -3
63 -41 9 -24 -9 -4 28 -43
26 -63 26 -29 -37 34 -47 -6
9 25 -28 -49 -7 -21 8 -33
-25 68 -58 -40 17 -3 9 46
31 16 -20 -39 -4 -22 6 -17
35 41 -17 -14 33 -13 -6 33
-27 29 42 20 54 29 -45 19
9 -33 3 41 24 -20 15 -7
-17 30 -51 -9 5 -18 -35 -13
-14 -16 34 -1 0 10 -11 -7
-27 18 9 -50 -16 0 1 -26
5 -9 -21 32 12 32 36 11
-19 42 -6 -35 10 63 -37 25
-55 15 2 -16 -7 -49 11 -7
24 -17 -47 -26 -15 27 9 17
34 -10 -65 18 -24 7 80 -47
-64 -46 16 -50 20 5 2 -34
-48 -7 -8 5 -5 4 23 -17
35 9 -72 6 56 38 42 -25
43 -42 -69 -22 -62 15 -5 20
15 -44 13 -35 -25 -30 52 41
-9 52 18 -27 24 -6 33 -13
10 25 25 18 54 -19 37 15
-17 24 -30 2 4 -9 8 -11
-62 -11 58 -32 34 9 -2 -34
-55 -21 10 -12 -28 -15 -33 -6
-44 32 11 30 -1 -42 42 -19
-42 -45 5 9 6 -20 5 9
-28 -13 27 -3 -24 25 51 -17
-63 6 -14 31 52 -10 39 -21
52 -4 49 -2 -20 -27 40 30
5 40 48 2 -24 -7 39 83
-10 -34 -11 -3 3 -70 47 18
-11 20 9 -18 13 -5 -44 6
-66 -51 50 33 16 -24 -10 3
28 -31 -3 -7 19 -13 20 -6
-6 40 -13 -50 17 19 -8 -3
23 24 -51 -21 4 -5 -35 0
28 53 -19 -26 -45 -23 -9 15
21 -23 -21 30 4 -7 -16 -30
11 -4 29 -20 -37 28 49 18
0 -22 28 9 3 -7 31 -8
28 -11 -8 28 52 9 41 -22
54 14 -39 27 6 -78 -42 -68
-32 -8 -32 21 36 -29 -66 36
47 -53 29 -20 11 -15 16 -62
0 -10 -6 21 50 31 -10 2
-37 41 -5 -7 -67 8 54 -14
-6 -41 -32 26 -19 -33 70 -63
34 49 -48 12 -11 -38 0 18
-13 78 16 22 43 24 2 -36
-91 53 9 24 37 -18 26 13
-20 -19 -26 0 -34 9 53 -4
18 2 -67 22 40 13 77 -49
-1 -19 -41 13 65 -5 -42 26
35 -10 -23 -48 -43 -29 -22 19
-11 -46 14 7 58 -62 41 -16
-4 -13 -14 31 -26 -13 -3 37
16 23 -18 13 32 45 -9 17
54 -13 6 59 34 84 47 14
-51 -16 29 23 -8 25 3 -21
73 39 32 -4 -38 52 31 63
2 -6 -18 83 18 -5 22 -11
16 -11 4 33 -31 -34 -20 -69
-9 23 -17 -57 17 -60 23 12
-44 -44 12 -70 3 21 -11 -6
4 -2 36 47 -44 6 -33 -1
29 -45 67 -11 6 -15 38 40
61 -28 -85 26 20 -19 -5 36
-8 48 51 -39 -8 -20 1 -9
-54 6 8 17 2 5 15 20
49 -15 -22 -31 -49 16 20 31
30 -29 -20 72 39 -1 -35 17
4 -64 28 29 52 -5 33 -17
28 84 -26 5 42 -14 55 -8
11 34 -7 -88 -19 8 10 -53
-24 35 55 -42 -72 56 39 51
-32 8 -23 -9 26 -39 -16 35
-23 18 -22 -31 22 -10 -56 31
-43 1 -28 -35 -8 17 4 2
-21 -21 -50 32 -10 -33 -36 -24
13 -24 59 -43 -31 4 25 -12
48 -17 10 -30 9 -15 -6 -25
-26 40 -28 39 -39 11 10 -35
6 20 -14 -27 28 87 -1 -28
-52 6 28 -41 30 -25 13 -70
8 27 -1 -4 2 20 -30 -27
-36 15 1 -47 14 -27 34 8
-85 16 -2 -30 -5 -53 67 28
-37 -27 9 -7 44 -30 -5 -13
20 30 14 -10 34 5 51 -6
-6 -41 78 26 30 0 17 -37
-21 -1 54 -31 -37 -58 -64 2
-56 17 21 0 28 -49 -20 -14
-47 1 -14 -23 24 -47 28 -38
-10 -10 -14 -13 -48 69 -4 1
-5 -51 4 -26 -12 -47 26 2
1 -2 58 51 37 20 44 -30
-38 14 10 -47 4 -35 -21 23
-7 66 -22 0 -28 39 22 -1
-45 42 54 -19 31 0 2 74
-15 19 20 -40 -16 34 -54 -45
64 60 7 32 8 1 7 5
-44 -6 -11 52 -43 -18 -7 29
-28 -4 42 -12 -6 -20 -14 -34
60 -32 -17 -14 32 8 28 -13
27 -39 11 -15 -23 -31 11 -9
-20 -37 30 -3 -12 -6 -45 -80
26 21 26 -32 4 7 -10 35
0 15 27 11 37 -7 -3 65
-47 1 34 -29 -26 -18 -15 -51
19 18 -19 -18 18 -25 6 -43
-26 31 -43 43 -5 1 22 -108
65 -40 48 -29 -28 -37 24 9
70 13 25 -6 -5 -41 23 20
36 9 -11 -4 5 46 -4 -33
50 -74 -18 33 -6 -29 -5 16
-32 -23 33 -19 39 0 11 72
15 -9 -30 -14 27 15 49 -62
-2 -98 71 51 -6 22 26 20
-21 21 9 25 1 -58 -29 5
23 -54 -10 9 17 -31 -36 23
26 35 8 -4 30 38 47 0
-39 -10 17 9 19 -35 11 44
2 -27 23 -30 -11 -38 22 -28
10 -22 -24 -55 -11 35 9 -33
43 45 10 3 42 30 -49 17
-43 24 68 -23 -34 -57 47 15
-47 -18 51 -20 -17 41 -4 19
39 23 28 -37 -43 -7 39 9
-4 20 33 -8 25 72 -13 -38
36 -8 51 12 12 -17 -33 54
-36 16 -5 11 -9 20 22 -13
6 -37 -18 -2 -50 56 -35 90
18 -4 -92 -44 21 15 5 -13
9 -5 37 -19 -43 0 -9 39
15 -26 27 38 49 11 -42 -38
-25 4 -11 -32 18 -13 -6 6
15 -9 21 0 42 21 17 10
22 24 -35 -34 1 -27 32 -53
17 49 2 -2 -13 15 15 -47
-38 -42 28 51 -28 42 23 -23
11 -15 11 -4 -18 -73 9 57
-81 -2 -37 -21 -27 -39 18 4
-14 -2 3 -29 -16 -31 60 -5
-54 27 -10 -11 -1 -66 31 9
60 -61 -4 -42 -9 -4 13 -1
-28 34 28 -56 10 -21 -28 0
-17 -14 -14 -16 36 -44 9 -23
41 -25 45 4 7 13 -5 -46
3 3 60 -23 13 -23 56 31
16 -8 -5 -25 10 14 6 -22
20 28 -8 -2 20 -15 -10 44
5 -18 -31 -31 -3 -14 17 9
8 24 -7 -16 33 -5 46 8
-17 8 -14 20 -15 31 -4 8
-16 9 0 -31 5 -27 -11 2
-10 36 -20 26 16 22 -29 23
-8 -29 12 -27 0 -2 12 25
6 15 -17 -91 22 -48 24 -24
-7 -1 39 -45 38 4 -7 22
-7 1 -92 31 -2 4 61 -5
16 -22 0 -45 -26 4 64 -3
2 -3 41 -27 6 0 -25 8
-30 20 15 -22 57 -4 -75 4
16 12 -46 -6 41 -40 -33 32
-2 33 -7 39 -20 10 -55 -45
-23 4 -54 -21 0 -12 -46 -7
9 16 -38 -34 -40 -35 -20 43
41 -21 -19 -3 10 -32 1 -26
64 -107 -48 21 20 -33 -22 -1
20 -12 38 28 17 6 -54 -37
-10 14 3 -29 -29 31 -13 24
13 -4 15 -27 16 -38 -7 -78
-52 27 -34 -22 -18 0 25 -20
34 16 -35 -36 -13 -14 20 43
35 12 35 -2 -9 26 8 58
-4 -12 25 26 -81 -10 -16 25
23 -30 -19 -20 3 20 26 4
-2 14 43 4 45 11 -39 27
-25 13 -26 -37 3 18 2 65
10 -16 25 39 30 29 -27 9
10 -1 3 -51 -44 33 -82 10
-38 69 -22 -18 -8 12 -27 8
12 8 23 25 -29 63 -23 16
-3 53 -31 -17 -20 18 28 8
11 -13 -27 -14 19 -7 10 -4
6 2 -14 4 -1 -23 -9 -20
20 37 25 10 7 14 0 5
15 -24 30 -8 -75 -9 36 -2
-73 -29 20 -26 19 7 -54 5
-8 3 -34 73 -16 -35 -19 71
-46 -32 0 -25 -28 1 40 -23
-59 2 20 17 29 -5 18 -26
-59 -34 -3 40 -23 -56 38 -14
-57 25 -21 -14 46 -2 -27 8
-33 18 -40 18 -4 6 24 25
-23 -20 -31 -12 -10 -1 -44 8
-41 -9 -3 -19 32 -25 -18 -5
-29 -31 4 23 66 -23 -10 50
23 36 -7 24 25 4 -7 -70
-7 38 35 30 -10 -10 58 -47
22 42 -27 -15 -10 -7 31 -20
-59 -45 9 -28 -1 -15 12 13
-24 3 -16 42 50 7 -5 -25
17 64 -54 -26 -1 -23 -12 -3
-15 38 -30 31 -30 19 9 -20
-7 -13 -53 -14 2 -31 17 -28
-85 -24 -4 -52 -1 41 -5 2
-25 -39 20 12 7 -25 -22 61
7 28 10 37 21 28 57 -36
-29 45 -15 6 2 0 24 8
-7 -32 -28 -34 -37 -52 -31 -13
-1 -23 -7 18 13 -18 0 4
59 -12 -59 -11 -31 -14 -18 38
-14 5 25 -23 -53 10 -3 -3
35 1 5 -34 -21 -3 3 22
-5 3 -8 -46 -14 -7 -43 -27
0 68 43 -48 -19 81 -6 26
-16 49 -18 -3 -10 19 -20 23
-31 40 18 43 -13 -28 41 13
6 6 -2 -62 4 34 31 -7
-10 -29 5 -49 24 -64 -40 24
26 63 -6 -4 4 -2 8 -15
10 -20 -38 38 37 -8 2 -11
8 -34 -58 15 -2 -8 -13 23
-25 -6 1 19 -6 -36 -10 20
-68 -75 -8 -10 -18 22 -15 -5
48 -6 41 31 16 8 47 38
-74 1 -70 4 -23 -10 16 27
-41 -35 89 -41 12 43 -12 -24
-23 -44 35 36 8 16 -3 4
41 53 0 -18 -28 13 -72 67
0 20 6 17 -9 1 28 49
55 -5 37 3 5 -6 15 -30
60 21 13 104 12 -42 -77 24
61 21 -48 0 -37 -3 40 -36
21 -2 -27 0 -40 -6 43 -9
-38 -17 -58 -41 -2 -2 -6 71
9 11 -22 13 -28 54 -62 -15
-34 47 4 -50 4 37 2 99
44 -40 -15 5 -17 2 26 31
11 -53 20 45 6 38 -4 -66
39 24 29 -72 31 15 19 -6
3 -44 -32 -63 -56 34 -5 55
-18 6 -3 28 2 35 -25 -16
-38 17 -52 -40 34 55 -55 -42
37 51 54 -54 30 11 34 -24
-64 33 15 36 -20 40 -13 11
-8 -58 -4 8 -6 -9 14 -7
84 -28 34 -60 -16 7 42 18
1 14 26 -5 1 44 -17 28
57 35 -53 -37 -51 2 -46 -45
3 47 -69 28 30 25 0 64
-73 52 -47 14 -29 30 -56 8
49 23 -2 -50 -5 -1 -22 69
40 -12 -58 3 39 0 37 22
31 63 -15 -21 15 -39 -3 7
-17 -9 19 34 5 -19 68 1
-1 -32 -18 12 -4 -39 43 -58
-14 -7 -31 35 -40 13 1 65
-33 2 -7 -18 -3 32 68 0
8 -24 -6 -30 -7 49 -27 63
-14 91 14 12 6 19 -6 100
20 -43 30 -11 42 69 33 -13
5 18 -42 -6 8 -11 35 -14
10 13 -26 20 -9 -63 16 -23
17 37 8 14 26 18 23 -20
-23 -28 -79 6 18 12 14 -33
-33 -31 24 -18 -29 -18 -15 -3
13 -32 27 68 -9 -14 -15 -49
-29 -54 -34 -20 33 -20 -6 14
11 2 -48 -7 5 -16 -15 29
10 -16 11 -29 27 -23 -17 -37
-36 33 62 -7 28 -25 -50 -16
44 -20 24 -25 1 39 23 -20
-18 -28 -10 25 -11 55 -20 -2
48 16 -14 -25 -39 -19 -35 -64
26 33 3 -19 -14 4 -25 28
-34 63 65 50 -2 31 -16 11
4 -58 60 23 23 32 7 -29
-20 -4 -14 12 26 12 17 -19
-25 13 -21 7 -58 -33 -12 -80
-57 -4 -3 23 -3 -48 -33 -1
7 21 -21 -3 15 -13 -53 -50
-39 36 20 43 11 29 9 10
26 14 -1 -6 53 51 15 -23
-19 -15 -40 41 -30 1 10 -9
-36 5 -26 32 -15 4 27 17
-37 -9 36 -8 -33 11 -1 -35
6 21 -26 3 -27 -19 -37 16
-36 32 11 45 -2 -1 -46 9
-13 -65 -18 33 1 -8 35 14
3 -22 -9 -34 10 -49 -6 13
-6 -19 -33 -14 -4 -30 -11 33
12 -44 -1 33 -7 52 -34 3
21 -18 6 -11 55 3 -37 5
14 11 46 11 -36 -49 48 -19
17 19 34 23 -25 12 -43 89
0 -9 31 -44 -16 5 -6 6
-9 21 -24 -35 42 43 20 43
-37 20 5 22 28 10 20 -19
17 27 7 26 -13 -1 -2 -38
-19 36 -6 -7 -40 25 42 5
48 -17 -41 -3 -50 -18 61 -65
15 30 13 28 -11 18 -35 15
4 -16 -15 2 38 -36 -20 -38
-19 -7 -9 13 -7 30 -4 11
-17 -14 42 0 -48 12 11 -27
47 7 -16 13 41 -30 -37 -29
-11 -23 -4 24 -31 23 -28 24
-5 -24 -8 -3 -20 -22 -42 -30
13 -10 -7 0 -5 -44 -12 34
-15 -25 1 -15 -13 -37 18 -24
5 -10 2 -15 -23 -19 15 62
-55 28 50 17 23 4 -5 -11
-51 23 7 -44 20 -78 -4 -56
-5 -12 -23 -9 -5 -19 -25 62
-8 -21 11 60 50 39 -71 6
-9 -1 -1 2 -6 -26 -43 13
-27 -61 -28 23 8 -64 -12 15
25 8 -29 -29 -21 -34 -12 -15
29 16 -49 47 31 -30 62 17
-6 15 -50 -53 1 27 -33 -27
-18 -62 41 36 -28 -22 30 -35
-17 -34 60 -29 -16 -12 11 38
29 32 55 -9 -9 -5 -28 13
-11 52 -33 -19 14 21 -12 0
-5 -32 -3 -26 -7 2 26 2
24 -22 -2 -80 -21 -38 9 23
36 22 -41 -11 34 53 37 -47
43 -61 -36 3 -24 10 -10 -35
-35 -10 34 -55 -42 -15 25 16
27 -29 -19 26 1 -43 49 10
-38 -41 5 -93 36 -3 -6 15
-11 -10 11 18 -30 17 -65 -46
61 -7 21 -36 12 44 40 12
76 -7 28 -39 -23 19 -27 -74
28 -1 36 -5 -21 -7 -7 8
-19 -81 -16 -20 -4 -65 15 -29
17 -1 30 15 -27 20 -20 58
-12 26 -14 -20 22 -32 34 -12
13 60 -35 14 -45 -18 -10 11
-39 -15 -62 60 1 43 -6 37
5 35 -61 -27 -14 21 84 -13
-31 8 -6 9 -6 -33 -11 -48
47 27 32 -13 17 9 -5 20
34 -16 0 -9 5 -12 58 43
19 12 13 -80 29 36 -18 14
45 33 -58 -18 53 -17 32 -6
-72 -6 -20 5 -18 -17 26 9
-38 -39 -12 -49 34 17 1 8
1 -89 -31 21 -4 14 38 -36
7 -20 51 15 -47 19 3 -27
-30 14 -14 -40 15 -28 -59 47
55 -44 10 39 -25 17 4 -13
-6 0 54 -33 10 79 -20 -45
88 -42 -42 -17 -22 17 -47 39
58 30 -17 -22 21 -61 -6 -26
43 32 -101 20 -34 -20 -16 -13
-2 -21 5 -28 -69 -6 7 -31
9 -22 -27 -13 -4 -20 -15 -6
0 0 116 29 28 14 -24 -19
20 16 -4 -42 69 15 -35 8
35 -5 -1 17 -3 3 3 -34
13 40 -17 31 31 9 2 -41
-41 -37 -6 24 34 -20 -12 31
15 -32 -54 -26 -6 -4 -20 15
-55 -30 -7 -5 -1 9 12 13
22 19 -21 7 -10 16 -45 -5
-13 -8 -41 56 -52 4 -52 17
13 41 13 6 -11 -14 41 -17
-19 42 -41 0 -34 12 33 23
7 -25 10 -27 -84 -44 30 7
-14 -27 57 -97 25 -20 -38 41
-21 -12 -63 -34 -15 -23 15 -22
-31 -12 25 -28 -14 -64 0 -7
21 -46 7 55 20 31 46 41
45 -9 -2 33 -17 -29 -41 -6
-22 -35 18 5 -47 14 -61 -19
-4 3 27 11 -13 12 10 87
-22 -43 13 3 -44 -43 4 -11
30 -4 -7 -13 33 -16 -59 127
19 76 2 -16 22 10 -21 4
6 -48 -30 40 32 -6 -51 18
