0.030976
0.278866
-0.001797
0.285118
0.146555
0.101896
0.175640
0.437245
0.223730
0.231694
0.104772
0.064919
0.199773
0.258432
0.437814
0.286305
0.168860
0.229830
0.332992
0.261887
0.129388
0.207156
0.013492
0.159811
0.193832
0.284341
0.346049
0.031585
0.305513
0.267732
0.146551
0.105372
0.041578
-0.009222
0.283173
0.180160
-0.085570
0.380760
0.053770
0.218939
0.058613
0.214139
0.072870
0.303361
0.267447
0.085257
0.134041
0.092622
0.308308
-0.054215
0.020248
0.247367
0.172661
0.199281
0.122435
0.527736
0.064640
0.233929
0.336363
0.375355
0.296168
0.192417
-0.062590
0.506063
0.387664
0.131533
0.077421
0.126052
0.244406
0.312275
0.215672
0.082698
0.265666
0.035406
0.032664
0.247863
0.268857
0.358397
0.129810
0.408117
0.090241
-0.101233
0.046154
0.051781
0.077853
0.090847
0.191641
0.225563
0.007454
0.071093
0.263165
0.182871
0.413651
0.022909
0.152142
-0.114830
0.083261
0.083231
0.136256
0.313359
0.255918
-0.071904
0.206129
0.276384
0.168981
0.095104
0.177115
0.278477
0.090142
0.108029
0.019239
0.021426
0.353878
0.272011
0.208095
0.017915
0.318406
0.090975
0.139987
0.311051
0.140235
0.104262
-0.005719
0.290519
0.025592
0.407677
0.196712
0.022633
