-0.046847
0.160395
-0.126499
-0.200615
-0.101748
-0.168704
-0.207937
-0.084024
-0.216648
-0.222256
-0.054896
-0.140580
-0.065090
-0.040278
-0.189857
-0.019878
-0.057561
-0.054350
-0.028858
-0.029554
-0.172595
-0.231569
-0.171695
-0.192919
-0.211417
-0.093496
-0.083296
-0.089398
-0.204784
-0.167687
-0.099724
-0.134745
-0.106825
-0.205159
-0.078767
-0.191979
-0.204082
-0.093269
-0.109384
-0.268208
-0.164003
-0.120597
-0.092154
-0.043193
-0.208092
0.064550
-0.181696
-0.254399
-0.158705
-0.149532
-0.089496
-0.194747
-0.225381
-0.193275
-0.186584
-0.092413
-0.207154
-0.226117
-0.166850
-0.053398
-0.080186
-0.154261
0.030049
-0.016462
0.291821
0.014243
-0.154634
-0.108208
0.032673
-0.204990
-0.098360
-0.074388
-0.072237
-0.069642
-0.173935
-0.125123
-0.056595
-0.179674
-0.187706
-0.099982
-0.114528
-0.075823
-0.126124
-0.135503
-0.048822
-0.183381
-0.069201
-0.063283
-0.124366
-0.054782
-0.185434
-0.185741
-0.224614
-0.066516
-0.180472
-0.232183
-0.092233
-0.075879
-0.068771
-0.075833
-0.130294
-0.225158
-0.110430
-0.170283
-0.131413
-0.138464
-0.201909
-0.100812
-0.081864
-0.206014
-0.127855
-0.076440
-0.207976
-0.270104
-0.110654
-0.220671
-0.152938
-0.107075
-0.184160
-0.184536
-0.164919
-0.133445
-0.213498
-0.208842
-0.154294
-0.109055
-0.174355
-0.026518
0.131114
-0.103447
-0.183319
-0.133721
-0.115629
-0.099681
-0.166854
-0.171931
-0.066133
-0.031228
-0.083707
-0.044554
-0.048771
-0.160472
-0.040575
-0.215671
-0.135756
-0.191066
-0.189074
0.104431
-0.160861
-0.076710
-0.154184
-0.191210
-0.132669
-0.187044
-0.035858
-0.083391
-0.155261
-0.110783
-0.194403
-0.082750
-0.090454
-0.220088
-0.152295
-0.044879
-0.113919
-0.089552
-0.127739
-0.094642
-0.151577
-0.085269
-0.169003
-0.054246
-0.240602
-0.167173
-0.194893
-0.153050
-0.108721
-0.252399
-0.145828
-0.080386
-0.166445
-0.070452
-0.065388
-0.050365
-0.254755
-0.217794
-0.243157
-0.084799
-0.202042
0.069227
-0.127768
-0.137684
-0.062156
-0.184666
-0.195281
-0.182843
-0.139402
-0.121351
-0.132235
-0.119554
-0.095174
-0.200409
-0.267825
-0.247733
-0.147527
-0.176411
-0.137703
-0.104369
-0.212383
-0.156070
-0.140924
-0.249511
-0.106682
-0.262544
-0.237306
-0.112660
-0.127621
-0.236027
-0.194861
-0.120476
-0.197526
-0.176724
-0.098248
-0.154659
-0.154695
-0.261768
-0.167910
-0.266526
-0.235171
-0.104841
-0.268451
-0.111637
-0.203927
-0.122382
-0.232250
-0.270170
-0.169146
-0.150075
-0.272419
-0.188073
-0.112078
-0.230256
-0.188765
-0.266607
-0.141198
-0.262177
-0.153543
-0.212051
-0.210845
-0.093792
-0.148781
-0.118929
-0.104654
-0.222979
-0.232900
-0.205797
0.093825
-0.072849
-0.127317
-0.183760
-0.058036
-0.167139
-0.158113
-0.221344
-0.156415
-0.140903
-0.204009
-0.182363
-0.071250
-0.084574
-0.170299
-0.079539
-0.086207
-0.138130
-0.162972
-0.068320
0.018712
-0.004841
0.010268
-0.126922
-0.157289
-0.099840
-0.158979
-0.163585
-0.180009
-0.098970
-0.042682
-0.139416
-0.093887
-0.188205
-0.144457
-0.094398
-0.047768
-0.042332
-0.154831
-0.101357
-0.064591
-0.125834
-0.225740
-0.269600
-0.191983
-0.179543
-0.194972
-0.099347
-0.079653
0.003122
-0.070514
-0.129513
-0.172386
-0.184164
-0.197592
-0.219252
-0.161339
-0.195228
-0.184588
-0.198734
-0.128614
-0.022813
-0.011512
-0.043976
-0.046906
0.190984
-0.092981
-0.171034
-0.224638
-0.228281
-0.118258
-0.175317
-0.224708
-0.202566
-0.154478
-0.108518
-0.194173
-0.171779
-0.209572
-0.100242
-0.247530
-0.159928
-0.148584
-0.224536
-0.234615
-0.120827
-0.210940
-0.227384
-0.203362
-0.104487
-0.154287
-0.218549
-0.123217
-0.196943
0.010628
-0.122792
-0.105328
-0.120938
-0.135934
-0.163482
-0.106943
-0.065529
-0.246318
-0.145345
-0.146887
-0.119840
-0.245463
-0.082154
-0.199067
-0.165298
-0.168508
-0.236834
-0.238217
-0.115679
-0.155154
-0.249370
-0.158602
-0.223677
-0.213818
-0.195301
-0.149211
-0.142586
-0.086705
-0.163793
-0.203303
-0.143061
-0.025956
-0.007240
-0.019198
-0.067511
-0.040580
